5250.44 0.9837456
5250.46 0.9876957
5250.48 0.9914312
5250.5 0.9947969
5250.52 0.9976512
5250.54 0.9998864
5250.56 1.0014427
5250.58 1.0023148
5250.6 1.0025502
5250.62 1.0022405
5250.64 1.0015082
5250.66 1.0004903
5250.68 0.9993236
5250.7 0.9981314
5250.72 0.9970152
5250.74 0.9960499
5250.76 0.995283
5250.78 0.994737
5250.8 0.9944113
5250.82 0.9942857
5250.84 0.9943211
5250.86 0.9944604
5250.88 0.9946273
5250.9 0.9947274
5250.92 0.9946494
5250.94 0.9942708
5250.96 0.9934662
5250.98 0.9921191
5251.0 0.9901365
5251.02 0.9874629
5251.04 0.9840922
5251.06 0.9800755
5251.08 0.9755216
5251.1 0.9705906
5251.12 0.9654803
5251.14 0.9604064
5251.16 0.9555807
5251.18 0.9511893
5251.2 0.9473748
5251.22 0.9442257
5251.24 0.9417735
5251.26 0.9400001
5251.28 0.9388514
5251.3 0.9382569
5251.32 0.9381498
5251.34 0.938485
5251.36 0.9392503
5251.38 0.9404697
5251.4 0.9421965
5251.42 0.9444989
5251.44 0.9474391
5251.46 0.9510505
5251.48 0.9553179
5251.5 0.9601635
5251.52 0.9654429
5251.54 0.9709521
5251.56 0.9764451
5251.58 0.9816595
5251.6 0.9863466
5251.62 0.9903014
5251.64 0.9933867
5251.66 0.9955491
5251.68 0.9968223
5251.7 0.9973194
5251.72 0.9972134
5251.74 0.9967108
5251.76 0.9960221
5251.78 0.9953331
5251.8 0.9947832
5251.82 0.9944518
5251.84 0.9943561
5251.86 0.9944582
5251.88 0.9946815
5251.9 0.9949311
5251.92 0.995115
5251.94 0.9951627
5251.96 0.9950372
5251.98 0.9947396
5252.0 0.9943057
5252.02 0.9937958
5252.04 0.9932809
5252.06 0.9928282
5252.08 0.9924885
5252.1 0.992289
5252.12 0.992231
5252.14 0.9922948
5252.16 0.9924482
5252.18 0.9926579
5252.2 0.9928993
5252.22 0.993165
5252.24 0.9934664
5252.26 0.9938311
5252.28 0.9942949
5252.3 0.9948901
5252.32 0.9956336
5252.34 0.9965167
5252.36 0.9975003
5252.38 0.998515
5252.4 0.9994692
5252.42 1.0002622
5252.44 1.0008004
5252.46 1.0010144
5252.48 1.000873
5252.5 1.0003909
5252.52 0.9996298
5252.54 0.9986899
5252.56 0.9976957
5252.58 0.9967765
5252.6 0.996045
5252.62 0.9955799
5252.64 0.9954127
5252.66 0.9955234
5252.68 0.9958457
5252.7 0.9962791
5252.72 0.9967083
5252.74 0.9970244
5252.76 0.9971453
5252.78 0.9970305
5252.8 0.9966886
5252.82 0.9961754
5252.84 0.9955836
5252.86 0.9950249
5252.88 0.9946095
5252.9 0.9944248
5252.92 0.9945193
5252.94 0.9948926
5252.96 0.995495
5252.98 0.9962362
5253.0 0.9970007
5253.02 0.9976685
5253.04 0.9981364
5253.06 0.9983359
5253.08 0.9982452
5253.1 0.9978926
5253.12 0.9973505
5253.14 0.996722
5253.16 0.9961217
5253.18 0.9956541
5253.2 0.9953948
5253.22 0.9953755
5253.24 0.9955772
5253.26 0.9959322
5253.28 0.9963336
5253.3 0.9966517
5253.32 0.9967535
5253.34 0.996522
5253.36 0.995873
5253.38 0.9947658
5253.4 0.9932066
5253.42 0.9912451
5253.44 0.9889652
5253.46 0.9864711
5253.48 0.9838728
5253.5 0.9812726
5253.52 0.978755
5253.54 0.9763819
5253.56 0.9741922
5253.58 0.9722064
5253.6 0.9704335
5253.62 0.9688797
5253.64 0.9675546
5253.66 0.9664768
5253.68 0.9656744
5253.7 0.9651824
5253.72 0.9650381
5253.74 0.9652732
5253.76 0.9659073
5253.78 0.9669421
5253.8 0.968358
5253.82 0.970114
5253.84 0.9721507
5253.86 0.9743955
5253.88 0.9767687
5253.9 0.9791908
5253.92 0.9815878
5253.94 0.9838952
5253.96 0.9860606
5253.98 0.9880438
5254.0 0.9898161
5254.02 0.9913592
5254.04 0.9926639
5254.06 0.9937293
5254.08 0.9945631
5254.1 0.9951813
5254.12 0.9956082
5254.14 0.9958754
5254.16 0.9960187
5254.18 0.9960743
5254.2 0.9960734
5254.22 0.9960367
5254.24 0.9959698
5254.26 0.9958607
5254.28 0.9956815
5254.3 0.9953928
5254.32 0.9949527
5254.34 0.9943283
5254.36 0.9935071
5254.38 0.9925072
5254.4 0.9913822
5254.42 0.990221
5254.44 0.9891382
5254.46 0.9882584
5254.48 0.9876943
5254.5 0.9875226
5254.52 0.9877609
5254.54 0.9883503
5254.56 0.9891491
5254.58 0.989937
5254.6 0.9904339
5254.62 0.9903302
5254.64 0.9893251
5254.66 0.9871686
5254.68 0.9836999
5254.7 0.9788765
5254.72 0.9727887
5254.74 0.9656569
5254.76 0.9578104
5254.78 0.9496504
5254.8 0.9416028
5254.82 0.9340671
5254.84 0.9273695
5254.86 0.9217273
5254.88 0.9172306
5254.9 0.9138435
5254.92 0.9114255
5254.94 0.909769
5254.96 0.9086466
5254.98 0.9078599
5255.0 0.9072825
5255.02 0.9068883
5255.04 0.9067613
5255.06 0.9070842
5255.08 0.9081068
5255.1 0.9101016
5255.12 0.9133102
5255.14 0.9178936
5255.16 0.9238908
5255.18 0.9311964
5255.2 0.9395586
5255.22 0.9485998
5255.24 0.9578573
5255.26 0.9668361
5255.28 0.9750681
5255.3 0.9821669
5255.32 0.9878714
5255.34 0.9920708
5255.36 0.9948081
5255.38 0.996263
5255.4 0.9967164
5255.42 0.9965042
5255.44 0.9959663
5255.46 0.9954001
5255.48 0.9950251
5255.5 0.9949626
5255.52 0.9952327
5255.54 0.9957684
5255.56 0.9964416
5255.58 0.9970965
5255.6 0.9975839
5255.62 0.9977899
5255.64 0.9976559
5255.66 0.9971851
5255.68 0.996438
5255.7 0.9955168
5255.72 0.9945439
5255.74 0.9936386
5255.76 0.9928965
5255.78 0.9923756
5255.8 0.9920912
5255.82 0.9920194
5255.84 0.9921085
5255.86 0.9922942
5255.88 0.9925169
5255.9 0.9927351
5255.92 0.9929345
5255.94 0.9931294
5255.96 0.993357
5255.98 0.9936672
5256.0 0.9941081
5256.02 0.9947125
5256.04 0.9954871
5256.06 0.9964076
5256.08 0.9974197
5256.1 0.9984464
5256.12 0.9994004
5256.14 1.0001986
5256.16 1.0007755
5256.18 1.0010937
5256.2 1.0011492
5256.22 1.0009701
5256.24 1.0006097
5256.26 1.0001358
5256.28 0.9996177
5256.3 0.999114
5256.32 0.9986641
5256.34 0.9982838
5256.36 0.9979673
5256.38 0.9976928
5256.4 0.9974328
5256.42 0.9971636
5256.44 0.9968746
5256.46 0.9965728
5256.48 0.9962829
5256.5 0.9960416
5256.52 0.9958878
5256.54 0.9958504
5256.56 0.9959367
5256.58 0.9961234
5256.6 0.9963528
5256.62 0.9965359
5256.64 0.9965615
5256.66 0.996311
5256.68 0.9956759
5256.7 0.9945747
5256.72 0.9929677
5256.74 0.9908646
5256.76 0.9883252
5256.78 0.9854522
5256.8 0.9823766
5256.82 0.979239
5256.84 0.9761695
5256.86 0.9732701
5256.88 0.9706015
5256.9 0.968178
5256.92 0.9659705
5256.94 0.9639174
5256.96 0.9619407
5256.98 0.9599659
5257.0 0.9579403
5257.02 0.9558477
5257.04 0.9537172
5257.06 0.9516229
5257.08 0.949677
5257.1 0.9480151
5257.12 0.9467782
5257.14 0.9460932
5257.16 0.9460554
5257.18 0.9467162
5257.2 0.9480766
5257.22 0.9500887
5257.24 0.9526634
5257.26 0.9556824
5257.28 0.959014
5257.3 0.9625274
5257.32 0.9661051
5257.34 0.9696519
5257.36 0.9730971
5257.38 0.9763939
5257.4 0.9795133
5257.42 0.9824373
5257.44 0.9851511
5257.46 0.9876372
5257.48 0.9898718
5257.5 0.9918256
5257.52 0.9934665
5257.54 0.9947651
5257.56 0.9957011
5257.58 0.9962686
5257.6 0.9964799
5257.62 0.9963661
5257.64 0.9959746
5257.66 0.9953644
5257.68 0.9945986
5257.7 0.993738
5257.72 0.9928339
5257.74 0.9919246
5257.76 0.991033
5257.78 0.9901685
5257.8 0.9893306
5257.82 0.9885142
5257.84 0.987715
5257.86 0.9869346
5257.88 0.9861835
5257.9 0.9854815
5257.92 0.9848559
5257.94 0.9843375
5257.96 0.9839555
5257.98 0.9837325
5258.0 0.9836798
5258.02 0.9837948
5258.04 0.9840611
5258.06 0.9844498
5258.08 0.9849234
5258.1 0.9854412
5258.12 0.9859634
5258.14 0.9864567
5258.16 0.9868964
5258.18 0.9872686
5258.2 0.9875695
5258.22 0.9878035
5258.24 0.9879808
5258.26 0.9881139
5258.28 0.9882155
5258.3 0.9882962
5258.32 0.9883639
5258.34 0.9884233
5258.36 0.9884774
5258.38 0.9885278
5258.4 0.9885766
5258.42 0.9886262
5258.44 0.9886802
5258.46 0.988743
5258.48 0.9888193
5258.5 0.9889133
5258.52 0.9890291
5258.54 0.9891702
5258.56 0.9893399
5258.58 0.9895424
5258.6 0.9897827
5258.62 0.9900668
5258.64 0.9904013
5258.66 0.9907912
5258.68 0.9912389
5258.7 0.9917409
5258.72 0.9922866
5258.74 0.9928573
5258.76 0.9934268
5258.78 0.9939637
5258.8 0.994436
5258.82 0.9948167
5258.84 0.9950887
5258.86 0.9952508
5258.88 0.9953194
5258.9 0.9953292
5258.92 0.9953288
5258.94 0.995374
5258.96 0.9955181
5258.98 0.9958016
5259.0 0.9962421
5259.02 0.9968276
5259.04 0.9975143
5259.06 0.9982298
5259.08 0.9988814
5259.1 0.9993698
5259.12 0.9996048
5259.14 0.9995219
5259.16 0.9990951
5259.18 0.998345
5259.2 0.9973402
5259.22 0.9961893
5259.24 0.9950274
5259.26 0.9939962
5259.28 0.9932225
5259.3 0.9927978
5259.32 0.9927637
5259.34 0.9931035
5259.36 0.993745
5259.38 0.9945711
5259.4 0.995439
5259.42 0.9962035
5259.44 0.9967407
5259.46 0.9969682
5259.48 0.9968586
5259.5 0.9964418
5259.52 0.9957988
5259.54 0.9950453
5259.56 0.9943089
5259.58 0.9937058
5259.6 0.9933182
5259.62 0.9931797
5259.64 0.99327
5259.66 0.9935203
5259.68 0.9938291
5259.7 0.9940839
5259.72 0.9941868
5259.74 0.9940763
5259.76 0.9937425
5259.78 0.9932306
5259.8 0.9926329
5259.82 0.9920678
5259.84 0.9916508
5259.86 0.9914621
5259.88 0.9915162
5259.9 0.9917406
5259.92 0.991968
5259.94 0.9919446
5259.96 0.9913555
5259.98 0.9898625
5260.0 0.9871517
5260.02 0.982981
5260.04 0.9772217
5260.06 0.9698863
5260.08 0.9611381
5260.1 0.9512807
5260.12 0.9407272
5260.14 0.9299554
5260.16 0.9194539
5260.18 0.9096687
5260.2 0.9009579
5260.22 0.8935605
5260.24 0.8875856
5260.26 0.8830208
5260.28 0.8797593
5260.3 0.877639
5260.32 0.8764876
5260.34 0.8761646
5260.36 0.8765924
5260.38 0.8777723
5260.4 0.8797815
5260.42 0.8827527
5260.44 0.8868388
5260.46 0.8921706
5260.48 0.8988149
5260.5 0.9067393
5260.52 0.9157927
5260.54 0.9257036
5260.56 0.9360972
5260.58 0.9465306
5260.6 0.956539
5260.62 0.9656871
5260.64 0.9736172
5260.66 0.9800873
5260.68 0.9849929
5260.7 0.9883711
5260.72 0.9903854
5260.74 0.9912955
5260.76 0.9914168
5260.78 0.9910762
5260.8 0.9905712
5260.82 0.9901381
5260.84 0.9899326
5260.86 0.9900251
5260.88 0.99041
5260.9 0.9910241
5260.92 0.9917725
5260.94 0.9925544
5260.96 0.9932849
5260.98 0.9939106
5261.0 0.9944147
5261.02 0.9948143
5261.04 0.9951493
5261.06 0.9954681
5261.08 0.9958123
5261.1 0.9962041
5261.12 0.9966389
5261.14 0.9970853
5261.16 0.9974903
5261.18 0.9977901
5261.2 0.9979233
5261.22 0.9978432
5261.24 0.9975276
5261.26 0.9969834
5261.28 0.9962452
5261.3 0.9953695
5261.32 0.9944236
5261.34 0.9934744
5261.36 0.992577
5261.38 0.9917665
5261.4 0.9910549
5261.42 0.990432
5261.44 0.9898722
5261.46 0.9893431
5261.48 0.9888162
5261.5 0.9882755
5261.52 0.9877246
5261.54 0.9871877
5261.56 0.9867073
5261.58 0.9863373
5261.6 0.9861334
5261.62 0.9861425
5261.64 0.9863936
5261.66 0.986891
5261.68 0.9876118
5261.7 0.9885072
5261.72 0.9895083
5261.74 0.990534
5261.76 0.9915004
5261.78 0.9923298
5261.8 0.9929575
5261.82 0.9933367
5261.84 0.99344
5261.86 0.9932577
5261.88 0.9927956
5261.9 0.9920707
5261.92 0.9911082
5261.94 0.9899385
5261.96 0.9885958
5261.98 0.9871186
5262.0 0.9855491
5262.02 0.9839342
5262.04 0.9823241
5262.06 0.9807705
5262.08 0.9793227
5262.1 0.9780226
5262.12 0.9768999
5262.14 0.9759676
5262.16 0.9752198
5262.18 0.9746324
5262.2 0.9741666
5262.22 0.9737764
5262.24 0.9734168
5262.26 0.9730541
5262.28 0.9726735
5262.3 0.9722851
5262.32 0.9719253
5262.34 0.9716534
5262.36 0.9715439
5262.38 0.9716753
5262.4 0.9721169
5262.42 0.9729172
5262.44 0.9740936
5262.46 0.9756273
5262.48 0.9774637
5262.5 0.9795176
5262.52 0.9816836
5262.54 0.9838485
5262.56 0.9859055
5262.58 0.9877654
5262.6 0.9893655
5262.62 0.9906733
5262.64 0.9916851
5262.66 0.9924208
5262.68 0.9929159
5262.7 0.9932117
5262.72 0.993348
5262.74 0.9933567
5262.76 0.9932603
5262.78 0.9930727
5262.8 0.9928032
5262.82 0.9924616
5262.84 0.9920625
5262.86 0.9916276
5262.88 0.9911849
5262.9 0.9907642
5262.92 0.9903902
5262.94 0.9900744
5262.96 0.9898078
5262.98 0.9895566
5263.0 0.9892629
5263.02 0.9888504
5263.04 0.9882359
5263.06 0.9873442
5263.08 0.9861247
5263.1 0.9845649
5263.12 0.9827006
5263.14 0.9806177
5263.16 0.9784454
5263.18 0.9763414
5263.2 0.9744703
5263.22 0.9729794
5263.24 0.971975
5263.26 0.9715039
5263.28 0.9715438
5263.3 0.9720053
5263.32 0.9727439
5263.34 0.9735834
5263.36 0.9743437
5263.38 0.9748714
5263.4 0.9750658
5263.42 0.974897
5263.44 0.9744116
5263.46 0.9737254
5263.48 0.973005
5263.5 0.9724384
5263.52 0.9722039
5263.54 0.9724381
5263.56 0.973213
5263.58 0.9745225
5263.6 0.9762833
5263.62 0.9783485
5263.64 0.9805318
5263.66 0.9826378
5263.68 0.9844919
5263.7 0.9859664
5263.72 0.9869947
5263.74 0.9875744
5263.76 0.9877567
5263.78 0.9876254
5263.8 0.9872698
5263.82 0.9867569
5263.84 0.9861089
5263.86 0.9852913
5263.88 0.9842136
5263.9 0.9827435
5263.92 0.9807328
5263.94 0.9780489
5263.96 0.9746067
5263.98 0.9703946
5264.0 0.965489
5264.02 0.9600529
5264.04 0.9543198
5264.06 0.9485639
5264.08 0.9430623
5264.1 0.9380559
5264.12 0.9337159
5264.14 0.9301232
5264.16 0.9272644
5264.18 0.9250453
5264.2 0.9233201
5264.22 0.9219314
5264.24 0.920752
5264.26 0.9197212
5264.28 0.9188684
5264.3 0.9183161
5264.32 0.9182629
5264.34 0.9189469
5264.36 0.9205942
5264.38 0.9233637
5264.4 0.9272947
5264.42 0.932271
5264.44 0.9380059
5264.46 0.9440551
5264.48 0.9498561
5264.5 0.9547898
5264.52 0.9582569
5264.54 0.9597553
5264.56 0.9589495
5264.58 0.955719
5264.6 0.9501787
5264.62 0.9426674
5264.64 0.9337059
5264.66 0.9239311
5264.68 0.9140162
5264.7 0.9045884
5264.72 0.8961574
5264.74 0.8890653
5264.76 0.8834636
5264.78 0.8793205
5264.8 0.8764565
5264.82 0.8745997
5264.84 0.8734518
5264.86 0.872753
5264.88 0.8723347
5264.9 0.8721518
5264.92 0.8722896
5264.94 0.872945
5264.96 0.8743864
5264.98 0.8768996
5265.0 0.8807298
5265.02 0.8860291
5265.04 0.8928196
5265.06 0.9009765
5265.08 0.9102346
5265.1 0.9202167
5265.12 0.930477
5265.14 0.9405545
5265.16 0.9500258
5265.18 0.9585493
5265.2 0.9658954
5265.22 0.9719589
5265.24 0.9767524
5265.26 0.9803846
5265.28 0.9830289
5265.3 0.9848874
5265.32 0.986158
5265.34 0.9870094
5265.36 0.9875674
5265.38 0.9879133
5265.4 0.9880922
5265.42 0.9881281
5265.44 0.9880416
5265.46 0.987864
5265.48 0.9876459
5265.5 0.9874572
5265.52 0.9873786
5265.54 0.9874875
5265.56 0.9878407
5265.58 0.9884583
5265.6 0.9893137
5265.62 0.9903317
5265.64 0.9913958
5265.66 0.9923646
5265.68 0.9930939
5265.7 0.9934614
5265.72 0.9933877
5265.74 0.9928521
5265.76 0.9918969
5265.78 0.9906218
5265.8 0.989168
5265.82 0.9876941
5265.84 0.9863504
5265.86 0.9852533
5265.88 0.9844679
5265.9 0.983999
5265.92 0.9837944
5265.94 0.9837586
5265.96 0.9837749
5265.98 0.9837316
5266.0 0.9835463
5266.02 0.983185
5266.04 0.9826706
5266.06 0.9820801
5266.08 0.9815294
5266.1 0.981149
5266.12 0.9810551
5266.14 0.9813204
5266.16 0.9819507
5266.18 0.9828724
5266.2 0.9839323
5266.22 0.9849124
5266.24 0.9855557
5266.26 0.9856006
5266.28 0.9848188
5266.3 0.9830487
5266.32 0.9802218
5266.34 0.9763746
5266.36 0.9716471
5266.38 0.9662658
5266.4 0.960515
5266.42 0.9547008
5266.44 0.9491138
5266.46 0.9439947
5266.48 0.9395106
5266.5 0.9357429
5266.52 0.9326896
5266.54 0.9302806
5266.56 0.9284029
5266.58 0.9269314
5266.6 0.9257592
5266.62 0.9248239
5266.64 0.9241234
5266.66 0.9237199
5266.68 0.9237325
5266.7 0.9243172
5266.72 0.9256398
5266.74 0.9278457
5266.76 0.9310303
5266.78 0.9352162
5266.8 0.9403396
5266.82 0.9462486
5266.84 0.9527132
5266.86 0.9594467
5266.88 0.966133
5266.9 0.9724594
5266.92 0.9781472
5266.94 0.9829783
5266.96 0.9868137
5266.98 0.989602
5267.0 0.9913776
5267.02 0.9922496
5267.04 0.9923826
5267.06 0.991974
5267.08 0.9912295
5267.1 0.9903412
5267.12 0.9894696
5267.14 0.9887328
5267.16 0.9882019
5267.18 0.9879038
5267.2 0.9878291
5267.22 0.9879428
5267.24 0.9881974
5267.26 0.9885444
5267.28 0.988943
5267.3 0.9893659
5267.32 0.9898003
5267.34 0.9902456
5267.36 0.9907081
5267.38 0.9911949
5267.4 0.9917077
5267.42 0.9922384
5267.44 0.9927677
5267.46 0.9932663
5267.48 0.9936992
5267.5 0.9940324
5267.52 0.9942398
5267.54 0.9943095
5267.56 0.9942489
5267.58 0.9940848
5267.6 0.9938616
5267.62 0.9936352
5267.64 0.9934637
5267.66 0.9933981
5267.68 0.9934723
5267.7 0.9936964
5267.72 0.994053
5267.74 0.9944991
5267.76 0.9949719
5267.78 0.9953992
5267.8 0.9957121
5267.82 0.9958578
5267.84 0.995811
5267.86 0.9955808
5267.88 0.9952117
5267.9 0.9947792
5267.92 0.9943791
5267.94 0.9941126
5267.96 0.9940694
5267.98 0.9943121
5268.0 0.9948636
5268.02 0.9957007
5268.04 0.9967551
5268.06 0.9979211
5268.08 0.9990704
5268.1 1.0000699
5268.12 1.000801
5268.14 1.001177
5268.16 1.0011539
5268.18 1.0007357
5268.2 0.9999702
5268.22 0.9989388
5268.24 0.9977402
5268.26 0.9964715
5268.28 0.9952116
5268.3 0.9940079
5268.32 0.9928701
5268.34 0.9917725
5268.36 0.9906635
5268.38 0.9894812
5268.4 0.9881716
5268.42 0.9867057
5268.44 0.9850925
5268.46 0.983384
5268.48 0.9816718
5268.5 0.9800742
5268.52 0.9787176
5268.54 0.9777139
5268.56 0.9771386
5268.58 0.9770144
5268.6 0.9773037
5268.62 0.9779115
5268.64 0.978699
5268.66 0.9795063
5268.68 0.9801806
5268.7 0.9806035
5268.72 0.9807147
5268.74 0.9805251
5268.76 0.9801179
5268.78 0.9796369
5268.8 0.9792619
5268.82 0.9791778
5268.84 0.9795404
5268.86 0.9804464
5268.88 0.9819122
5268.9 0.983867
5268.92 0.9861607
5268.94 0.9885861
5268.96 0.990912
5268.98 0.9929213
5269.0 0.9944473
5269.02 0.9954014
5269.04 0.9957867
5269.06 0.9956947
5269.08 0.9952846
5269.1 0.9947494
5269.12 0.9942727
5269.14 0.9939856
5269.16 0.9939308
5269.18 0.9940405
5269.2 0.9941337
5269.22 0.9939342
5269.24 0.9931063
5269.26 0.991305
5269.28 0.9882304
5269.3 0.9836796
5269.32 0.9775863
5269.34 0.9700409
5269.36 0.9612887
5269.38 0.9517051
5269.4 0.9417515
5269.42 0.9319189
5269.44 0.922669
5269.46 0.9143802
5269.48 0.9073087
5269.5 0.9015703
5269.52 0.8971434
5269.54 0.8938949
5269.56 0.8916215
5269.58 0.8900993
5269.6 0.8891339
5269.62 0.888601
5269.64 0.8884709
5269.66 0.8888135
5269.68 0.8897825
5269.7 0.8915824
5269.72 0.8944243
5269.74 0.8984788
5269.76 0.903833
5269.78 0.9104607
5269.8 0.9182095
5269.82 0.9268075
5269.84 0.9358875
5269.86 0.9450252
5269.88 0.9537845
5269.9 0.9617629
5269.92 0.9686294
5269.94 0.9741509
5269.96 0.9782031
5269.98 0.9807662
5270.0 0.9819087
5270.02 0.9817622
5270.04 0.9804945
5270.06 0.9782849
5270.08 0.9753067
5270.1 0.9717181
5270.12 0.967663
5270.14 0.9632777
5270.16 0.958701
5270.18 0.9540837
5270.2 0.9495927
5270.22 0.9454071
5270.24 0.9417074
5270.26 0.9386571
5270.28 0.936381
5270.3 0.9349452
5270.32 0.9343428
5270.34 0.9344898
5270.36 0.9352334
5270.38 0.9363725
5270.4 0.9376887
5270.42 0.9389816
5270.44 0.9401046
5270.46 0.9409929
5270.48 0.9416788
5270.5 0.9422916
5270.52 0.9430397
5270.54 0.9441782
5270.56 0.9459662
5270.58 0.9486205
5270.6 0.9522737
5270.62 0.9569433
5270.64 0.9625177
5270.66 0.9687618
5270.68 0.9753412
5270.7 0.9818622
5270.72 0.9879216
5270.74 0.9931572
5270.76 0.9972937
5270.78 1.0001741
5270.8 1.001775
5270.82 1.0022013
5270.84 1.0016644
5270.86 1.0004457
5270.88 0.9988535
5270.9 0.9971794
5270.92 0.9956612
5270.94 0.9944582
5270.96 0.9936406
5270.98 0.9931947
5271.0 0.9930412
5271.02 0.9930614
5271.04 0.9931271
5271.06 0.9931282
5271.08 0.9929927
5271.1 0.9926973
5271.12 0.9922661
5271.14 0.9917611
5271.16 0.9912647
5271.18 0.9908602
5271.2 0.990614
5271.22 0.9905629
5271.24 0.9907083
5271.26 0.9910193
5271.28 0.9914416
5271.3 0.9919114
5271.32 0.9923702
5271.34 0.9927771
5271.36 0.9931161
5271.38 0.993398
5271.4 0.9936544
5271.42 0.9939282
5271.44 0.9942608
5271.46 0.9946799
5271.48 0.9951911
5271.5 0.9957744
5271.52 0.9963863
5271.54 0.9969687
5271.56 0.9974605
5271.58 0.9978101
5271.6 0.9979871
5271.62 0.9979884
5271.64 0.9978388
5271.66 0.9975855
5271.68 0.9972877
5271.7 0.9970024
5271.72 0.9967723
5271.74 0.9966152
5271.76 0.9965208
5271.78 0.9964536
5271.8 0.9963626
5271.82 0.9961964
5271.84 0.9959194
5271.86 0.9955261
5271.88 0.9950499
5271.9 0.9945632
5271.92 0.9941681
5271.94 0.9939779
5271.96 0.9940929
5271.98 0.9945735
5272.0 0.9954168
5272.02 0.9965412
5272.04 0.9977821
5272.06 0.9989023
5272.08 0.9996156
5272.1 0.9996217
5272.12 0.9986469
5272.14 0.9964843
5272.16 0.9930287
5272.18 0.9882979
5272.2 0.9824382
5272.22 0.975712
5272.24 0.9684695
5272.26 0.9611074
5272.28 0.9540221
5272.3 0.9475628
5272.32 0.9419939
5272.34 0.9374699
5272.36 0.9340279
5272.38 0.931598
5272.4 0.9300292
5272.42 0.9291258
5272.44 0.9286893
5272.46 0.9285566
5272.48 0.9286301
5272.5 0.9288939
5272.52 0.9294146
5272.54 0.9303252
5272.56 0.9317981
5272.58 0.934009
5272.6 0.9371003
5272.62 0.9411488
5272.64 0.9461432
5272.66 0.9519754
5272.68 0.9584462
5272.7 0.9652841
5272.72 0.9721743
5272.74 0.9787933
5272.76 0.9848429
5272.78 0.9900803
5272.8 0.9943384
5272.82 0.9975363
5272.84 0.9996772
5272.86 1.0008378
5272.88 1.0011498
5272.9 1.0007779
5272.92 0.9998976
5272.94 0.9986771
5272.96 0.9972627
5272.98 0.9957714
5273.0 0.9942887
5273.02 0.992871
5273.04 0.9915507
5273.06 0.9903419
5273.08 0.989246
5273.1 0.988256
5273.12 0.9873587
5273.14 0.986536
5273.16 0.9857663
5273.18 0.9850264
5273.2 0.9842939
5273.22 0.9835522
5273.24 0.9827959
5273.26 0.9820354
5273.28 0.9813013
5273.3 0.9806453
5273.32 0.9801371
5273.34 0.9798582
5273.36 0.979891
5273.38 0.980306
5273.4 0.9811496
5273.42 0.9824321
5273.44 0.9841217
5273.46 0.9861435
5273.48 0.9883847
5273.5 0.9907067
5273.52 0.9929611
5273.54 0.9950085
5273.56 0.9967355
5273.58 0.9980696
5273.6 0.9989863
5273.62 0.9995106
5273.64 0.9997093
5273.66 0.999679
5273.68 0.9995281
5273.7 0.9993598
5273.72 0.9992553
5273.74 0.9992634
5273.76 0.9993956
5273.78 0.9996288
5273.8 0.9999141
5273.82 1.0001901
5273.84 1.0003974
5273.86 1.0004926
5273.88 1.0004575
5273.9 1.0003029
5273.92 1.0000658
5273.94 0.9998013
5273.96 0.9995701
5273.98 0.9994251
5274.0 0.9993992
5274.02 0.9994973
5274.04 0.9996945
5274.06 0.9999402
5274.08 1.0001679
5274.1 1.0003091
5274.12 1.0003072
5274.14 1.0001304
5274.16 0.9997793
5274.18 0.9992881
5274.2 0.9987188
5274.22 0.9981499
5274.24 0.9976607
5274.26 0.9973149
5274.28 0.9971469
5274.3 0.9971541
5274.32 0.9972954
5274.34 0.9974994
5274.36 0.9976786
5274.38 0.9977485
5274.4 0.9976472
5274.42 0.9973529
5274.44 0.9968929
5274.46 0.9963446
5274.48 0.9958243
5274.5 0.9954671
5274.52 0.9953988
5274.54 0.9957057
5274.56 0.9964051
5274.58 0.9974253
5274.6 0.9985951
5274.62 0.9996501
5274.64 1.0002524
5274.66 1.0000249
5274.68 0.9985947
5274.7 0.9956401
5274.72 0.9909355
5274.74 0.9843866
5274.76 0.976051
5274.78 0.966142
5274.8 0.955012
5274.82 0.9431198
5274.84 0.9309848
5274.86 0.9191336
5274.88 0.9080477
5274.9 0.8981171
5274.92 0.8896079
5274.94 0.8826469
5274.96 0.877225
5274.98 0.8732188
5275.0 0.8704267
5275.02 0.8686131
5275.04 0.8675561
5275.06 0.8670895
5275.08 0.8671334
5275.1 0.86771
5275.12 0.8689405
5275.14 0.8710249
5275.16 0.8742054
5275.18 0.878722
5275.2 0.8847621
5275.22 0.8924163
5275.24 0.901643
5275.26 0.91225
5275.28 0.9238958
5275.3 0.9361109
5275.32 0.9483387
5275.34 0.9599893
5275.36 0.9705017
5275.38 0.9794059
5275.4 0.9863752
5275.42 0.991264
5275.44 0.9941235
5275.46 0.995193
5275.48 0.9948669
5275.5 0.993641
5275.52 0.9920441
5275.54 0.9905636
5275.56 0.9895739
5275.58 0.9892785
5275.6 0.989673
5275.62 0.9905345
5275.64 0.9914408
5275.66 0.9918162
5275.68 0.9910006
5275.7 0.988332
5275.72 0.9832328
5275.74 0.9752883
5275.76 0.9643077
5275.78 0.9503582
5275.8 0.9337687
5275.82 0.9151024
5275.84 0.8951006
5275.86 0.874607
5275.88 0.8544815
5275.9 0.8355153
5275.92 0.8183593
5275.94 0.8034736
5275.96 0.7911062
5275.98 0.7813007
5276.0 0.773932
5276.02 0.7687624
5276.04 0.7655088
5276.06 0.7639104
5276.08 0.7637849
5276.1 0.7650652
5276.12 0.7678102
5276.14 0.7721888
5276.16 0.7784389
5276.18 0.7868095
5276.2 0.7974944
5276.22 0.8105696
5276.24 0.8259439
5276.26 0.8433327
5276.28 0.8622586
5276.3 0.8820803
5276.32 0.9020473
5276.34 0.9213712
5276.36 0.9393049
5276.38 0.9552184
5276.4 0.9686607
5276.42 0.9793982
5276.44 0.9874271
5276.46 0.9929566
5276.48 0.9963668
5276.5 0.9981493
5276.52 0.9988381
5276.54 0.9989414
5276.56 0.9988844
5276.58 0.9989688
5276.6 0.9993554
5276.62 1.0000689
5276.64 1.0010219
5276.66 1.0020542
5276.68 1.0029777
5276.7 1.0036209
5276.72 1.0038644
5276.74 1.0036631
5276.76 1.0030526
5276.78 1.0021393
5276.8 1.0010786
5276.82 1.0000448
5276.84 0.999199
5276.86 0.9986622
5276.88 0.9984953
5276.9 0.9986925
5276.92 0.9991859
5276.94 0.9998608
5276.96 1.0005786
5276.98 1.0012026
5277.0 1.0016213
5277.02 1.001766
5277.04 1.00162
5277.06 1.0012173
5277.08 1.0006329
5277.1 0.9999663
5277.12 0.9993213
5277.14 0.9987872
5277.16 0.9984235
5277.18 0.9982513
5277.2 0.998253
5277.22 0.998378
5277.24 0.9985558
5277.26 0.9987111
5277.28 0.9987788
5277.3 0.9987168
5277.32 0.9985127
5277.34 0.9981852
5277.36 0.9977787
5277.38 0.9973529
5277.4 0.9969707
5277.42 0.996685
5277.44 0.9965284
5277.46 0.9965067
5277.48 0.9965984
5277.5 0.9967585
5277.52 0.9969281
5277.54 0.9970444
5277.56 0.997053
5277.58 0.9969173
5277.6 0.9966247
5277.62 0.9961881
5277.64 0.9956433
5277.66 0.9950425
5277.68 0.9944447
5277.7 0.9939065
5277.72 0.9934736
5277.74 0.9931745
5277.76 0.9930182
5277.78 0.992995
5277.8 0.99308
5277.82 0.9932389
5277.84 0.9934338
5277.86 0.9936284
5277.88 0.9937916
5277.9 0.9938981
5277.92 0.9939282
5277.94 0.993865
5277.96 0.9936921
5277.98 0.9933916
5278.0 0.992944
5278.02 0.9923306
5278.04 0.9915369
5278.06 0.9905589
5278.08 0.9894081
5278.1 0.9881166
5278.12 0.9867386
5278.14 0.9853492
5278.16 0.9840384
5278.18 0.9829025
5278.2 0.9820327
5278.22 0.9815026
5278.24 0.9813581
5278.26 0.9816094
5278.28 0.9822293
5278.3 0.9831559
5278.32 0.9843013
5278.34 0.9855647
5278.36 0.9868471
5278.38 0.9880664
5278.4 0.9891693
5278.42 0.9901384
5278.44 0.9909922
5278.46 0.9917796
5278.48 0.992567
5278.5 0.9934224
5278.52 0.9943982
5278.54 0.9955157
5278.56 0.9967538
5278.58 0.9980457
5278.6 0.9992829
5278.62 1.0003265
5278.64 1.0010259
5278.66 1.00124
5278.68 1.0008589
5278.7 0.999822
5278.72 0.9981304
5278.74 0.99585
5278.76 0.9931056
5278.78 0.9900669
5278.8 0.9869274
5278.82 0.9838805
5278.84 0.981096
5278.86 0.9787003
5278.88 0.9767637
5278.9 0.9752972
5278.92 0.9742576
5278.94 0.9735613
5278.96 0.9731038
5278.98 0.9727812
5279.0 0.9725108
5279.02 0.9722465
5279.04 0.9719871
5279.06 0.9717764
5279.08 0.9716934
5279.1 0.9718379
5279.12 0.9723097
5279.14 0.9731891
5279.16 0.9745191
5279.18 0.9762942
5279.2 0.9784571
5279.22 0.9809039
5279.24 0.9834969
5279.26 0.9860836
5279.28 0.9885179
5279.3 0.9906798
5279.32 0.9924912
5279.34 0.9939249
5279.36 0.9950041
5279.38 0.9957946
5279.4 0.9963892
5279.42 0.9968879
5279.44 0.9973768
5279.46 0.9979097
5279.48 0.998495
5279.5 0.9990905
5279.52 0.9996063
5279.54 0.9999161
5279.56 0.9998746
5279.58 0.9993378
5279.6 0.9981836
5279.62 0.996329
5279.64 0.9937405
5279.66 0.9904381
5279.68 0.9864903
5279.7 0.9820027
5279.72 0.9771024
5279.74 0.9719198
5279.76 0.9665729
5279.78 0.9611553
5279.8 0.9557307
5279.82 0.9503344
5279.84 0.9449821
5279.86 0.9396822
5279.88 0.9344518
5279.9 0.9293312
5279.92 0.9243942
5279.94 0.9197529
5279.96 0.9155549
5279.98 0.9119725
5280.0 0.9091861
5280.02 0.9073642
5280.04 0.9066412
5280.06 0.9071
5280.08 0.908758
5280.1 0.9115623
5280.12 0.9153927
5280.14 0.9200735
5280.16 0.9253911
5280.18 0.9311168
5280.2 0.9370286
5280.22 0.9429323
5280.24 0.9486756
5280.26 0.9541569
5280.28 0.9593246
5280.3 0.9641707
5280.32 0.9687176
5280.34 0.9730032
5280.36 0.9770643
5280.38 0.9809237
5280.4 0.9845813
5280.42 0.9880112
5280.44 0.9911643
5280.46 0.9939773
5280.48 0.9963835
5280.5 0.9983265
5280.52 0.9997716
5280.54 1.0007143
5280.56 1.0011846
5280.58 1.0012459
5280.6 1.0009881
5280.62 1.0005185
5280.64 0.9999483
5280.66 0.9993812
5280.68 0.9989015
5280.7 0.9985669
5280.72 0.9984044
5280.74 0.9984115
5280.76 0.9985601
5280.78 0.9988045
5280.8 0.9990899
5280.82 0.999362
5280.84 0.9995741
5280.86 0.9996932
5280.88 0.9997024
5280.9 0.9996013
5280.92 0.9994031
5280.94 0.999131
5280.96 0.9988133
5280.98 0.9984784
5281.0 0.9981511
5281.02 0.9978493
5281.04 0.9975824
5281.06 0.9973513
5281.08 0.9971492
5281.1 0.9969628
5281.12 0.9967748
5281.14 0.9965664
5281.16 0.9963191
5281.18 0.9960181
5281.2 0.9956537
5281.22 0.9952235
5281.24 0.9947341
5281.26 0.9942008
5281.28 0.993648
5281.3 0.9931063
5281.32 0.99261
5281.34 0.9921918
5281.36 0.9918777
5281.38 0.9916809
5281.4 0.9915971
5281.42 0.9916007
5281.44 0.9916444
5281.46 0.9916613
5281.48 0.991571
5281.5 0.9912879
5281.52 0.9907325
5281.54 0.9898427
5281.56 0.9885842
5281.58 0.9869581
5281.6 0.9850038
5281.62 0.9827973
5281.64 0.9804437
5281.66 0.9780652
5281.68 0.9757861
5281.7 0.9737171
5281.72 0.9719412
5281.74 0.9705041
5281.76 0.9694096
5281.78 0.9686228
5281.8 0.9680792
5281.82 0.9676993
5281.84 0.9674065
5281.86 0.967144
5281.88 0.9668899
5281.9 0.966665
5281.92 0.9665343
5281.94 0.9665992
5281.96 0.966983
5281.98 0.9678103
5282.0 0.9691844
5282.02 0.9711668
5282.04 0.9737604
5282.06 0.9769017
5282.08 0.9804623
5282.1 0.9842597
5282.12 0.9880774
5282.14 0.9916901
5282.16 0.9948905
5282.18 0.997515
5282.2 0.999462
5282.22 1.0007027
5282.24 1.0012805
5282.26 1.0013015
5282.28 1.000916
5282.3 1.0002948
5282.32 0.9996042
5282.34 0.9989841
5282.36 0.9985311
5282.38 0.9982906
5282.4 0.9982569
5282.42 0.9983824
5282.44 0.9985928
5282.46 0.9988047
5282.48 0.9989433
5282.5 0.9989569
5282.52 0.998825
5282.54 0.9985596
5282.56 0.9982
5282.58 0.9978017
5282.6 0.9974234
5282.62 0.9971133
5282.64 0.9968986
5282.66 0.9967803
5282.68 0.9967332
5282.7 0.9967121
5282.72 0.9966625
5282.74 0.9965332
5282.76 0.9962885
5282.78 0.9959165
5282.8 0.9954336
5282.82 0.9948816
5282.84 0.9943204
5282.86 0.9938157
5282.88 0.9934253
5282.9 0.9931867
5282.92 0.9931081
5282.94 0.9931649
5282.96 0.9933036
5282.98 0.9934513
5283.0 0.9935295
5283.02 0.9934706
5283.04 0.9932328
5283.06 0.9928104
5283.08 0.9922385
5283.1 0.9915892
5283.12 0.9909604
5283.14 0.9904595
5283.16 0.9901831
5283.18 0.9901971
5283.2 0.9905215
5283.22 0.9911211
5283.24 0.9919046
5283.26 0.9927333
5283.28 0.9934371
5283.3 0.9938359
5283.32 0.993763
5283.34 0.9930866
5283.36 0.9917271
5283.38 0.9896658
5283.4 0.9869462
5283.42 0.983667
5283.44 0.9799679
5283.46 0.9760125
5283.48 0.97197
5283.5 0.9679988
5283.52 0.964235
5283.54 0.960786
5283.56 0.9577294
5283.58 0.9551161
5283.6 0.9529761
5283.62 0.9513231
5283.64 0.9501575
5283.66 0.9494659
5283.68 0.9492162
5283.7 0.9493508
5283.72 0.9497785
5283.74 0.9503678
5283.76 0.9509464
5283.78 0.9513055
5283.8 0.9512133
5283.82 0.9504351
5283.84 0.9487589
5283.86 0.9460229
5283.88 0.9421408
5283.9 0.93712
5283.92 0.9310705
5283.94 0.9242001
5283.96 0.9167974
5283.98 0.9092032
5284.0 0.9017748
5284.02 0.8948473
5284.04 0.8886981
5284.06 0.8835212
5284.08 0.879413
5284.1 0.8763741
5284.12 0.8743258
5284.14 0.873138
5284.16 0.8726656
5284.18 0.8727848
5284.2 0.8734245
5284.22 0.8745869
5284.24 0.8763525
5284.26 0.8788692
5284.28 0.8823257
5284.3 0.8869142
5284.32 0.8927876
5284.34 0.9000187
5284.36 0.9085679
5284.38 0.9182663
5284.4 0.9288164
5284.42 0.939812
5284.44 0.9507749
5284.46 0.9612037
5284.48 0.9706275
5284.5 0.9786578
5284.52 0.9850296
5284.54 0.9896274
5284.56 0.9924928
5284.58 0.9938112
5284.6 0.9938815
5284.62 0.9930739
5284.64 0.9917802
5284.66 0.9903661
5284.68 0.9891309
5284.7 0.9882796
5284.72 0.9879111
5284.74 0.9880227
5284.76 0.9885283
5284.78 0.9892874
5284.8 0.9901376
5284.82 0.9909275
5284.84 0.9915423
5284.86 0.9919208
5284.88 0.9920597
5284.9 0.9920078
5284.92 0.9918505
5284.94 0.9916892
5284.96 0.9916188
5284.98 0.9917089
5285.0 0.9919906
5285.02 0.9924513
5285.04 0.9930387
5285.06 0.9936715
5285.08 0.9942556
5285.1 0.9947014
5285.12 0.9949398
5285.14 0.9949345
5285.16 0.9946866
5285.18 0.9942333
5285.2 0.9936397
5285.22 0.9929863
5285.24 0.9923546
5285.26 0.9918127
5285.28 0.9914048
5285.3 0.9911454
5285.32 0.9910193
5285.34 0.9909874
5285.36 0.9909959
5285.38 0.9909892
5285.4 0.9909211
5285.42 0.9907649
5285.44 0.9905187
5285.46 0.9902066
5285.48 0.9898738
5285.5 0.9895791
5285.52 0.9893834
5285.54 0.9893393
5285.56 0.9894812
5285.58 0.9898189
5285.6 0.9903354
5285.62 0.9909899
5285.64 0.9917235
5285.66 0.9924691
5285.68 0.9931611
5285.7 0.993746
5285.72 0.9941891
5285.74 0.9944792
5285.76 0.9946284
5285.78 0.9946686
5285.8 0.9946449
5285.82 0.994607
5285.84 0.9946006
5285.86 0.9946595
5285.88 0.9948004
5285.9 0.9950213
5285.92 0.9953017
5285.94 0.9956078
5285.96 0.9958979
5285.98 0.9961303
5286.0 0.99627
5286.02 0.9962945
5286.04 0.9961975
5286.06 0.9959897
5286.08 0.9956964
5286.1 0.9953544
5286.12 0.9950052
5286.14 0.9946896
5286.16 0.9944418
5286.18 0.9942842
5286.2 0.9942255
5286.22 0.9942598
5286.24 0.9943686
5286.26 0.9945239
5286.28 0.9946935
5286.3 0.9948458
5286.32 0.994955
5286.34 0.9950046
5286.36 0.9949902
5286.38 0.9949198
5286.4 0.9948124
5286.42 0.9946951
5286.44 0.9945995
5286.46 0.9945561
5286.48 0.9945905
5286.5 0.9947191
5286.52 0.9949466
5286.54 0.9952644
5286.56 0.9956519
5286.58 0.996078
5286.6 0.9965049
5286.62 0.9968925
5286.64 0.9972035
5286.66 0.997407
5286.68 0.9974834
5286.7 0.9974255
5286.72 0.9972403
5286.74 0.9969477
5286.76 0.9965778
5286.78 0.9961683
5286.8 0.9957589
5286.82 0.9953878
5286.84 0.9950873
5286.86 0.9948802
5286.88 0.9947784
5286.9 0.9947818
5286.92 0.9948797
5286.94 0.9950523
5286.96 0.9952743
5286.98 0.9955178
5287.0 0.9957559
5287.02 0.9959653
5287.04 0.9961289
5287.06 0.9962364
5287.08 0.9962846
5287.1 0.9962769
5287.12 0.9962218
5287.14 0.996131
5287.16 0.9960179
5287.18 0.9958959
5287.2 0.9957774
5287.22 0.9956727
5287.24 0.9955901
5287.26 0.9955355
5287.28 0.9955128
5287.3 0.9955241
5287.32 0.9955698
5287.34 0.9956485
5287.36 0.9957576
5287.38 0.9958924
5287.4 0.9960464
5287.42 0.9962116
5287.44 0.9963785
5287.46 0.9965367
5287.48 0.9966757
5287.5 0.9967853
5287.52 0.9968569
5287.54 0.9968838
5287.56 0.9968612
5287.58 0.9967868
5287.6 0.9966601
5287.62 0.996482
5287.64 0.9962542
5287.66 0.9959788
5287.68 0.9956582
5287.7 0.9952951
5287.72 0.9948927
5287.74 0.9944557
5287.76 0.9939908
5287.78 0.9935075
5287.8 0.9930182
5287.82 0.9925379
5287.84 0.9920834
5287.86 0.9916722
5287.88 0.9913204
5287.9 0.9910409
5287.92 0.9908419
5287.94 0.9907254
5287.96 0.9906872
5287.98 0.9907171
5288.0 0.9908007
5288.02 0.9909206
5288.04 0.99106
5288.06 0.9912041
5288.08 0.9913423
5288.1 0.9914696
5288.12 0.9915861
5288.14 0.9916964
5288.16 0.9918075
5288.18 0.9919263
5288.2 0.9920575
5288.22 0.9922011
5288.24 0.9923516
5288.26 0.9924978
5288.28 0.992624
5288.3 0.9927125
5288.32 0.9927464
5288.34 0.9927125
5288.36 0.9926046
5288.38 0.9924246
5288.4 0.9921831
5288.42 0.9918984
5288.44 0.9915938
5288.46 0.9912944
5288.48 0.9910228
5288.5 0.9907957
5288.52 0.9906214
5288.54 0.9904978
5288.56 0.9904135
5288.58 0.9903492
5288.6 0.9902817
5288.62 0.9901875
5288.64 0.9900476
5288.66 0.9898509
5288.68 0.9895969
5288.7 0.9892959
5288.72 0.9889683
5288.74 0.9886416
5288.76 0.9883467
5288.78 0.9881128
5288.8 0.9879638
5288.82 0.9879141
5288.84 0.9879674
5288.86 0.9881159
5288.88 0.9883422
5288.9 0.9886219
5288.92 0.9889278
5288.94 0.9892338
5288.96 0.9895187
5288.98 0.9897692
5289.0 0.9899811
5289.02 0.9901597
5289.04 0.990318
5289.06 0.9904746
5289.08 0.9906509
5289.1 0.9908678
5289.12 0.9911433
5289.14 0.9914908
5289.16 0.9919174
5289.18 0.9924246
5289.2 0.9930083
5289.22 0.9936596
5289.24 0.9943662
5289.26 0.995113
5289.28 0.995883
5289.3 0.9966573
5289.32 0.9974159
5289.34 0.9981374
5289.36 0.9987998
5289.38 0.9993816
5289.4 0.9998626
5289.42 1.0002265
5289.44 1.000462
5289.46 1.0005654
5289.48 1.0005414
5289.5 1.0004035
5289.52 1.0001739
5289.54 0.9998811
5289.56 0.9995574
5289.58 0.9992353
5289.6 0.9989437
5289.62 0.9987044
5289.64 0.9985295
5289.66 0.9984199
5289.68 0.9983651
5289.7 0.9983452
5289.72 0.9983333
5289.74 0.998299
5289.76 0.9982124
5289.78 0.9980476
5289.8 0.9977852
5289.82 0.9974148
5289.84 0.9969343
5289.86 0.9963502
5289.88 0.9956756
5289.9 0.994928
5289.92 0.9941277
5289.94 0.9932956
5289.96 0.9924519
5289.98 0.991616
5290.0 0.990806
5290.02 0.9900395
5290.04 0.9893339
5290.06 0.9887065
5290.08 0.9881745
5290.1 0.9877541
5290.12 0.9874593
5290.14 0.9873
5290.16 0.987281
5290.18 0.9874004
5290.2 0.9876491
5290.22 0.9880114
5290.24 0.9884659
5290.26 0.9889879
5290.28 0.9895515
5290.3 0.9901325
5290.32 0.9907099
5290.34 0.9912681
5290.36 0.9917967
5290.38 0.9922901
5290.4 0.9927463
5290.42 0.993165
5290.44 0.9935458
5290.46 0.9938865
5290.48 0.9941824
5290.5 0.9944268
5290.52 0.9946114
5290.54 0.9947289
5290.56 0.9947743
5290.58 0.994747
5290.6 0.9946524
5290.62 0.9945017
5290.64 0.9943117
5290.66 0.9941026
5290.68 0.9938958
5290.7 0.9937113
5290.72 0.9935653
5290.74 0.9934683
5290.76 0.9934247
5290.78 0.9934329
5290.8 0.9934872
5290.82 0.993579
5290.84 0.9936992
5290.86 0.9938395
5290.88 0.993993
5290.9 0.9941534
5290.92 0.9943141
5290.94 0.9944656
5290.96 0.9945941
5290.98 0.99468
5291.0 0.9946984
5291.02 0.9946215
5291.04 0.9944219
5291.06 0.9940787
5291.08 0.9935832
5291.1 0.9929439
5291.12 0.9921906
5291.14 0.991374
5291.16 0.9905628
5291.18 0.9898362
5291.2 0.9892726
5291.22 0.9889367
5291.24 0.9888665
5291.26 0.9890608
5291.28 0.9894723
5291.3 0.9900053
5291.32 0.9905207
5291.34 0.9908472
5291.36 0.9907993
5291.38 0.9901979
5291.4 0.9888928
5291.42 0.9867824
5291.44 0.9838293
5291.46 0.9800673
5291.48 0.975601
5291.5 0.9705957
5291.52 0.9652602
5291.54 0.9598248
5291.56 0.9545167
5291.58 0.9495378
5291.6 0.9450469
5291.62 0.9411496
5291.64 0.9378962
5291.66 0.9352889
5291.68 0.9332949
5291.7 0.9318648
5291.72 0.9309512
5291.74 0.9305245
5291.76 0.9305842
5291.78 0.9311612
5291.8 0.9323132
5291.82 0.9341117
5291.84 0.9366244
5291.86 0.9398949
5291.88 0.9439246
5291.9 0.9486589
5291.92 0.9539811
5291.94 0.9597161
5291.96 0.965642
5291.98 0.9715104
5292.0 0.9770709
5292.02 0.9820975
5292.04 0.9864116
5292.06 0.9899001
5292.08 0.992524
5292.1 0.9943184
5292.12 0.9953826
5292.14 0.9958627
5292.16 0.9959293
5292.18 0.9957548
5292.2 0.9954914
5292.22 0.9952554
5292.24 0.9951182
5292.26 0.9951049
5292.28 0.9952006
5292.3 0.9953616
5292.32 0.9955303
5292.34 0.9956499
5292.36 0.9956766
5292.38 0.9955879
5292.4 0.995385
5292.42 0.9950902
5292.44 0.99474
5292.46 0.9943758
5292.48 0.9940339
5292.5 0.9937379
5292.52 0.9934944
5292.54 0.9932926
5292.56 0.9931086
5292.58 0.9929124
5292.6 0.9926774
5292.62 0.9923885
5292.64 0.992049
5292.66 0.991683
5292.68 0.9913343
5292.7 0.9910596
5292.72 0.99092
5292.74 0.9909696
5292.76 0.9912449
5292.78 0.9917568
5292.8 0.9924858
5292.82 0.9933835
5292.84 0.9943776
5292.86 0.995382
5292.88 0.9963094
5292.9 0.9970842
5292.92 0.9976537
5292.94 0.997996
5292.96 0.9981229
5292.98 0.9980772
5293.0 0.9979252
5293.02 0.9977459
5293.04 0.9976172
5293.06 0.997604
5293.08 0.9977472
5293.1 0.9980576
5293.12 0.9985146
5293.14 0.9990699
5293.16 0.9996558
5293.18 1.0001958
5293.2 1.0006176
5293.22 1.0008634
5293.24 1.0008993
5293.26 1.0007196
5293.28 1.0003471
5293.3 0.9998287
5293.32 0.9992277
5293.34 0.9986143
5293.36 0.9980551
5293.38 0.997604
5293.4 0.9972957
5293.42 0.9971428
5293.44 0.9971358
5293.46 0.9972477
5293.48 0.9974399
5293.5 0.9976695
5293.52 0.9978975
5293.54 0.9980941
5293.56 0.9982431
5293.58 0.9983427
5293.6 0.9984039
5293.62 0.9984459
5293.64 0.9984908
5293.66 0.9985573
5293.68 0.9986546
5293.7 0.9987783
5293.72 0.9989082
5293.74 0.9990085
5293.76 0.9990307
5293.78 0.9989186
5293.8 0.9986142
5293.82 0.9980653
5293.84 0.9972316
5293.86 0.9960909
5293.88 0.9946423
5293.9 0.9929084
5293.92 0.9909339
5293.94 0.9887822
5293.96 0.9865304
5293.98 0.9842622
5294.0 0.98206
5294.02 0.9799977
5294.04 0.9781341
5294.06 0.9765077
5294.08 0.9751347
5294.1 0.9740092
5294.12 0.9731062
5294.14 0.9723874
5294.16 0.9718086
5294.18 0.9713282
5294.2 0.9709154
5294.22 0.970557
5294.24 0.9702619
5294.26 0.9700619
5294.28 0.9700094
5294.3 0.9701707
5294.32 0.9706172
5294.34 0.9714142
5294.36 0.9726094
5294.38 0.9742229
5294.4 0.9762403
5294.42 0.9786091
5294.44 0.9812413
5294.46 0.9840193
5294.48 0.9868076
5294.5 0.9894666
5294.52 0.9918676
5294.54 0.9939068
5294.56 0.9955168
5294.58 0.996673
5294.6 0.9973951
5294.62 0.9977424
5294.64 0.9978044
5294.66 0.9976878
5294.68 0.9975017
5294.7 0.9973435
5294.72 0.9972868
5294.74 0.9973745
5294.76 0.9976158
5294.78 0.9979895
5294.8 0.9984514
5294.82 0.9989442
5294.84 0.9994095
5294.86 0.9997986
5294.88 1.0000801
5294.9 1.0002444
5294.92 1.0003031
5294.94 1.0002844
5294.96 1.0002252
5294.98 1.0001616
5295.0 1.0001197
5295.02 1.0001081
5295.04 1.0001147
5295.06 1.0001066
5295.08 1.0000353
5295.1 0.9998447
5295.12 0.9994812
5295.14 0.9989043
5295.16 0.9980956
5295.18 0.9970635
5295.2 0.995845
5295.22 0.9945017
5295.24 0.9931122
5295.26 0.9917614
5295.28 0.9905291
5295.3 0.9894785
5295.32 0.9886485
5295.34 0.9880491
5295.36 0.9876622
5295.38 0.9874462
5295.4 0.9873456
5295.42 0.987301
5295.44 0.9872614
5295.46 0.9871926
5295.48 0.9870846
5295.5 0.9869524
5295.52 0.9868342
5295.54 0.9867839
5295.56 0.9868615
5295.58 0.9871218
5295.6 0.9876041
5295.62 0.9883237
5295.64 0.9892677
5295.66 0.9903952
5295.68 0.9916411
5295.7 0.992925
5295.72 0.9941606
5295.74 0.9952678
5295.76 0.9961818
5295.78 0.996861
5295.8 0.997291
5295.82 0.9974842
5295.84 0.9974761
5295.86 0.9973189
5295.88 0.9970724
5295.9 0.9967961
5295.92 0.9965408
5295.94 0.9963436
5295.96 0.9962247
5295.98 0.9961877
5296.0 0.9962223
5296.02 0.9963081
5296.04 0.9964202
5296.06 0.9965344
5296.08 0.9966307
5296.1 0.9966962
5296.12 0.9967261
5296.14 0.9967223
5296.16 0.9966924
5296.18 0.9966466
5296.2 0.9965955
5296.22 0.9965479
5296.24 0.9965102
5296.26 0.9964855
5296.28 0.9964746
5296.3 0.9964764
5296.32 0.9964891
5296.34 0.9965107
5296.36 0.9965392
5296.38 0.9965727
5296.4 0.9966079
5296.42 0.9966405
5296.44 0.9966641
5296.46 0.996671
5296.48 0.9966527
5296.5 0.9966016
5296.52 0.9965133
5296.54 0.996388
5296.56 0.996232
5296.58 0.9960579
5296.6 0.9958834
5296.62 0.9957285
5296.64 0.9956119
5296.66 0.9955467
5296.68 0.9955357
5296.7 0.9955686
5296.72 0.9956207
5296.74 0.9956542
5296.76 0.9956217
5296.78 0.9954722
5296.8 0.9951588
5296.82 0.9946462
5296.84 0.9939179
5296.86 0.9929801
5296.88 0.9918635
5296.9 0.9906204
5296.92 0.9893186
5296.94 0.9880324
5296.96 0.9868321
5296.98 0.9857736
5297.0 0.9848899
5297.02 0.984186
5297.04 0.9836391
5297.06 0.9832023
5297.08 0.9828139
5297.1 0.9824089
5297.12 0.9819323
5297.14 0.9813503
5297.16 0.9806598
5297.18 0.9798916
5297.2 0.9791088
5297.22 0.978399
5297.24 0.977862
5297.26 0.9775939
5297.28 0.9776713
5297.3 0.9781377
5297.32 0.9789937
5297.34 0.9801941
5297.36 0.9816513
5297.38 0.9832462
5297.4 0.9848436
5297.42 0.9863109
5297.44 0.9875364
5297.46 0.9884453
5297.48 0.9890102
5297.5 0.9892539
5297.52 0.9892457
5297.54 0.9890893
5297.56 0.988907
5297.58 0.9888195
5297.6 0.9889275
5297.62 0.9892962
5297.64 0.9899448
5297.66 0.9908448
5297.68 0.9919242
5297.7 0.9930798
5297.72 0.9941935
5297.74 0.9951508
5297.76 0.9958585
5297.78 0.9962585
5297.8 0.9963362
5297.82 0.9961215
5297.84 0.9956825
5297.86 0.9951143
5297.88 0.9945232
5297.9 0.9940099
5297.92 0.9936538
5297.94 0.9935024
5297.96 0.9935646
5297.98 0.9938117
5298.0 0.9941838
5298.02 0.9946008
5298.04 0.9949762
5298.06 0.9952314
5298.08 0.995308
5298.1 0.995176
5298.12 0.9948372
5298.14 0.9943237
5298.16 0.9936915
5298.18 0.9930106
5298.2 0.9923542
5298.22 0.9917882
5298.24 0.9913621
5298.26 0.9911049
5298.28 0.9910229
5298.3 0.9911028
5298.32 0.9913167
5298.34 0.9916295
5298.36 0.9920053
5298.38 0.9924138
5298.4 0.9928335
5298.42 0.993253
5298.44 0.9936688
5298.46 0.9940822
5298.48 0.9944938
5298.5 0.9948998
5298.52 0.9952877
5298.54 0.9956359
5298.56 0.9959138
5298.58 0.9960854
5298.6 0.9961141
5298.62 0.9959677
5298.64 0.9956237
5298.66 0.9950733
5298.68 0.9943228
5298.7 0.9933933
5298.72 0.9923186
5298.74 0.9911407
5298.76 0.9899054
5298.78 0.988658
5298.8 0.9874395
5298.82 0.9862847
5298.84 0.9852219
5298.86 0.9842743
5298.88 0.9834615
5298.9 0.9828018
5298.92 0.9823137
5298.94 0.9820156
5298.96 0.9819247
5298.98 0.9820533
5299.0 0.9824057
5299.02 0.9829731
5299.04 0.9837312
5299.06 0.9846379
5299.08 0.9856347
5299.1 0.9866502
5299.12 0.987606
5299.14 0.9884249
5299.16 0.9890394
5299.18 0.9893992
5299.2 0.9894774
5299.22 0.9892734
5299.24 0.9888122
5299.26 0.9881406
5299.28 0.9873202
5299.3 0.9864193
5299.32 0.9855043
5299.34 0.9846319
5299.36 0.9838444
5299.38 0.9831681
5299.4 0.9826143
5299.42 0.9821842
5299.44 0.9818744
5299.46 0.9816838
5299.48 0.9816182
5299.5 0.9816934
5299.52 0.9819344
5299.54 0.9823715
5299.56 0.9830332
5299.58 0.9839378
5299.6 0.9850848
5299.62 0.9864481
5299.64 0.9879726
5299.66 0.9895752
5299.68 0.9911509
5299.7 0.9925828
5299.72 0.9937557
5299.74 0.9945706
5299.76 0.9949577
5299.78 0.9948873
5299.8 0.9943745
5299.82 0.9934788
5299.84 0.9922971
5299.86 0.9909519
5299.88 0.9895758
5299.9 0.9882949
5299.92 0.9872135
5299.94 0.9864026
5299.96 0.9858928
5299.98 0.9856748
5300.0 0.9857041
5300.02 0.9859125
5300.04 0.9862209
5300.06 0.986554
5300.08 0.986853
5300.1 0.987085
5300.12 0.9872471
5300.14 0.9873653
5300.16 0.9874886
5300.18 0.9876787
5300.2 0.9879982
5300.22 0.988499
5300.24 0.9892124
5300.26 0.990143
5300.28 0.9912668
5300.3 0.9925348
5300.32 0.993879
5300.34 0.9952225
5300.36 0.9964892
5300.38 0.9976139
5300.4 0.9985494
5300.42 0.9992708
5300.44 0.9997754
5300.46 1.0000805
5300.48 1.0002177
5300.5 1.0002259
5300.52 1.0001447
5300.54 1.0000087
5300.56 0.9998436
5300.58 0.999665
5300.6 0.9994798
5300.62 0.999288
5300.64 0.9990874
5300.66 0.9988768
5300.68 0.9986586
5300.7 0.9984403
5300.72 0.998234
5300.74 0.9980543
5300.76 0.9979153
5300.78 0.9978272
5300.8 0.9977935
5300.82 0.9978093
5300.84 0.9978617
5300.86 0.9979309
5300.88 0.9979939
5300.9 0.9980285
5300.92 0.9980174
5300.94 0.9979516
5300.96 0.9978325
5300.98 0.9976723
5301.0 0.9974923
5301.02 0.9973194
5301.04 0.9971822
5301.06 0.9971059
5301.08 0.9971084
5301.1 0.9971974
5301.12 0.9973689
5301.14 0.9976078
5301.16 0.9978901
5301.18 0.9981865
5301.2 0.998466
5301.22 0.9987003
5301.24 0.998867
5301.26 0.9989521
5301.28 0.9989504
5301.3 0.998866
5301.32 0.99871
5301.34 0.9984997
5301.36 0.9982553
5301.38 0.9979988
5301.4 0.9977516
5301.42 0.9975337
5301.44 0.9973625
5301.46 0.9972524
5301.48 0.9972136
5301.5 0.9972516
5301.52 0.997366
5301.54 0.9975493
5301.56 0.9977864
5301.58 0.9980545
5301.6 0.998324
5301.62 0.9985607
5301.64 0.9987295
5301.66 0.9987987
5301.68 0.9987455
5301.7 0.9985606
5301.72 0.9982515
5301.74 0.9978447
5301.76 0.9973844
5301.78 0.9969283
5301.8 0.9965413
5301.82 0.9962863
5301.84 0.9962143
5301.86 0.9963552
5301.88 0.9967099
5301.9 0.9972459
5301.92 0.997897
5301.94 0.9985674
5301.96 0.9991398
5301.98 0.9994877
5302.0 0.9994888
5302.02 0.9990387
5302.04 0.9980628
5302.06 0.9965255
5302.08 0.9944338
5302.1 0.9918364
5302.12 0.9888181
5302.14 0.9854894
5302.16 0.9819741
5302.18 0.9783961
5302.2 0.9748668
5302.22 0.9714757
5302.24 0.9682847
5302.26 0.9653263
5302.28 0.9626071
5302.3 0.9601145
5302.32 0.9578253
5302.34 0.9557159
5302.36 0.9537716
5302.38 0.9519939
5302.4 0.9504044
5302.42 0.9490457
5302.44 0.9479788
5302.46 0.9472767
5302.48 0.9470167
5302.5 0.9472715
5302.52 0.9480999
5302.54 0.949539
5302.56 0.9515986
5302.58 0.9542574
5302.6 0.9574627
5302.62 0.9611318
5302.64 0.9651569
5302.66 0.9694107
5302.68 0.9737548
5302.7 0.9780476
5302.72 0.982153
5302.74 0.9859491
5302.76 0.9893352
5302.78 0.9922379
5302.8 0.9946152
5302.82 0.9964578
5302.84 0.9977886
5302.86 0.9986587
5302.88 0.9991417
5302.9 0.9993254
5302.92 0.9993026
5302.94 0.999161
5302.96 0.998975
5302.98 0.9987976
5303.0 0.9986564
5303.02 0.9985521
5303.04 0.9984608
5303.06 0.9983394
5303.08 0.9981333
5303.1 0.9977861
5303.12 0.9972485
5303.14 0.9964869
5303.16 0.9954889
5303.18 0.9942663
5303.2 0.9928538
5303.22 0.9913052
5303.24 0.9896865
5303.26 0.988068
5303.28 0.9865163
5303.3 0.9850868
5303.32 0.9838193
5303.34 0.9827362
5303.36 0.9818431
5303.38 0.9811329
5303.4 0.9805907
5303.42 0.9802006
5303.44 0.9799504
5303.46 0.979836
5303.48 0.9798626
5303.5 0.9800438
5303.52 0.9803982
5303.54 0.9809442
5303.56 0.9816946
5303.58 0.9826508
5303.6 0.9837996
5303.62 0.9851114
5303.64 0.9865419
5303.66 0.9880356
5303.68 0.9895315
5303.7 0.9909703
5303.72 0.9923003
5303.74 0.9934834
5303.76 0.9944981
5303.78 0.9953404
5303.8 0.9960216
5303.82 0.9965643
5303.84 0.9969968
5303.86 0.9973471
5303.88 0.9976377
5303.9 0.9978814
5303.92 0.9980801
5303.94 0.9982254
5303.96 0.9983011
5303.98 0.9982878
5304.0 0.9981678
5304.02 0.9979294
5304.04 0.997571
5304.06 0.9971023
5304.08 0.9965439
5304.1 0.9959257
5304.12 0.9952827
5304.14 0.9946505
5304.16 0.9940609
5304.18 0.9935382
5304.2 0.9930968
5304.22 0.9927406
5304.24 0.9924642
5304.26 0.9922552
5304.28 0.9920981
5304.3 0.9919774
5304.32 0.9918817
5304.34 0.9918055
5304.36 0.9917505
5304.38 0.9917253
5304.4 0.9917437
5304.42 0.9918221
5304.44 0.9919762
5304.46 0.9922181
5304.48 0.9925531
5304.5 0.9929783
5304.52 0.9934818
5304.54 0.9940426
5304.56 0.9946328
5304.58 0.9952193
5304.6 0.9957673
5304.62 0.9962431
5304.64 0.9966181
5304.66 0.9968709
5304.68 0.9969902
5304.7 0.9969758
5304.72 0.9968394
5304.74 0.9966033
5304.76 0.9962989
5304.78 0.9959632
5304.8 0.9956352
5304.82 0.9953513
5304.84 0.9951411
5304.86 0.9950236
5304.88 0.9950047
5304.9 0.9950763
5304.92 0.9952173
5304.94 0.9953966
5304.96 0.9955777
5304.98 0.9957245
5305.0 0.9958067
5305.02 0.9958054
5305.04 0.9957162
5305.06 0.9955497
5305.08 0.99533
5305.1 0.9950898
5305.12 0.9948637
5305.14 0.9946808
5305.16 0.9945573
5305.18 0.9944918
5305.2 0.994463
5305.22 0.994432
5305.24 0.9943485
5305.26 0.9941596
5305.28 0.993822
5305.3 0.9933127
5305.32 0.992638
5305.34 0.9918381
5305.36 0.9909857
5305.38 0.9901778
5305.4 0.9895222
5305.42 0.9891185
5305.44 0.9890384
5305.46 0.9893071
5305.48 0.9898891
5305.5 0.990683
5305.52 0.9915249
5305.54 0.9922027
5305.56 0.9924794
5305.58 0.9921223
5305.6 0.9909353
5305.62 0.9887885
5305.64 0.9856405
5305.66 0.9815509
5305.68 0.9766784
5305.7 0.9712656
5305.72 0.9656115
5305.74 0.9600358
5305.76 0.9548384
5305.78 0.9502628
5305.8 0.9464656
5305.82 0.9434996
5305.84 0.9413115
5305.86 0.9397554
5305.88 0.9386205
5305.9 0.9376679
5305.92 0.9366723
5305.94 0.9354601
5305.96 0.9339409
5305.98 0.9321243
5306.0 0.9301218
5306.02 0.928132
5306.04 0.9264115
5306.06 0.925237
5306.08 0.9248629
5306.1 0.9254823
5306.12 0.9271959
5306.14 0.9299952
5306.16 0.9337613
5306.18 0.938279
5306.2 0.9432654
5306.22 0.9484065
5306.24 0.9533983
5306.26 0.957984
5306.28 0.961984
5306.3 0.9653128
5306.32 0.9679819
5306.34 0.9700888
5306.36 0.9717941
5306.38 0.973291
5306.4 0.9747721
5306.42 0.976399
5306.44 0.9782787
5306.46 0.9804504
5306.48 0.9828837
5306.5 0.9854877
5306.52 0.9881294
5306.54 0.9906563
5306.56 0.9929219
5306.58 0.9948073
5306.6 0.9962372
5306.62 0.9971888
5306.64 0.9976912
5306.66 0.9978176
5306.68 0.9976718
5306.7 0.9973714
5306.72 0.9970307
5306.74 0.9967459
5306.76 0.9965849
5306.78 0.9965822
5306.8 0.9967392
5306.82 0.9970291
5306.84 0.9974051
5306.86 0.9978097
5306.88 0.9981845
5306.9 0.9984771
5306.92 0.9986473
5306.94 0.9986693
5306.96 0.9985319
5306.98 0.9982375
5307.0 0.9977991
5307.02 0.9972378
5307.04 0.99658
5307.06 0.9958558
5307.08 0.9950972
5307.1 0.9943368
5307.12 0.9936068
5307.14 0.9929372
5307.16 0.9923538
5307.18 0.9918765
5307.2 0.9915167
5307.22 0.9912764
5307.24 0.9911472
5307.26 0.9911119
5307.28 0.9911466
5307.3 0.9912243
5307.32 0.9913198
5307.34 0.9914137
5307.36 0.9914958
5307.38 0.9915672
5307.4 0.9916403
5307.42 0.9917359
5307.44 0.9918793
5307.46 0.9920955
5307.48 0.992403
5307.5 0.9928106
5307.52 0.9933143
5307.54 0.9938974
5307.56 0.9945331
5307.58 0.995189
5307.6 0.9958326
5307.62 0.9964366
5307.64 0.9969833
5307.66 0.9974669
5307.68 0.9978924
5307.7 0.9982728
5307.72 0.9986239
5307.74 0.9989587
5307.76 0.9992822
5307.78 0.999588
5307.8 0.9998588
5307.82 1.0000691
5307.84 1.0001914
5307.86 1.0002042
5307.88 1.0000999
5307.9 0.9998907
5307.92 0.999611
5307.94 0.9993153
5307.96 0.9990695
5307.98 0.9989393
5308.0 0.9989742
5308.02 0.9991918
5308.04 0.999565
5308.06 1.0000139
5308.08 1.0004062
5308.1 1.0005661
5308.12 1.0002914
5308.14 0.9993782
5308.16 0.9976485
5308.18 0.9949777
5308.2 0.991317
5308.22 0.9867083
5308.24 0.9812863
5308.26 0.9752701
5308.28 0.9689414
5308.3 0.9626151
5308.32 0.9566043
5308.34 0.9511857
5308.36 0.9465698
5308.38 0.9428808
5308.4 0.9401493
5308.42 0.9383179
5308.44 0.9372593
5308.46 0.9368039
5308.48 0.9367723
5308.5 0.9370072
5308.52 0.9374
5308.54 0.9379075
5308.56 0.9385571
5308.58 0.9394382
5308.6 0.9406831
5308.62 0.9424399
5308.64 0.9448418
5308.66 0.9479783
5308.68 0.9518728
5308.7 0.9564701
5308.72 0.9616361
5308.74 0.9671691
5308.76 0.9728215
5308.78 0.9783277
5308.8 0.9834344
5308.82 0.987929
5308.84 0.9916616
5308.86 0.9945571
5308.88 0.9966179
5308.9 0.9979163
5308.92 0.998578
5308.94 0.9987608
5308.96 0.9986322
5308.98 0.9983476
5309.0 0.9980344
5309.02 0.9977817
5309.04 0.9976379
5309.06 0.9976145
5309.08 0.9976944
5309.1 0.9978443
5309.12 0.9980256
5309.14 0.9982044
5309.16 0.9983586
5309.18 0.9984799
5309.2 0.9985729
5309.22 0.9986509
5309.24 0.9987303
5309.26 0.9988252
5309.28 0.9989432
5309.3 0.9990832
5309.32 0.9992362
5309.34 0.9993877
5309.36 0.9995219
5309.38 0.9996258
5309.4 0.9996927
5309.42 0.9997241
5309.44 0.9997292
5309.46 0.9997228
5309.48 0.9997211
5309.5 0.9997375
5309.52 0.9997783
5309.54 0.9998398
5309.56 0.9999073
5309.58 0.9999565
5309.6 0.9999568
5309.62 0.9998759
5309.64 0.9996848
5309.66 0.9993631
5309.68 0.998902
5309.7 0.9983065
5309.72 0.9975945
5309.74 0.9967948
5309.76 0.9959435
5309.78 0.9950797
5309.8 0.9942411
5309.82 0.993461
5309.84 0.9927654
5309.86 0.9921724
5309.88 0.9916923
5309.9 0.9913281
5309.92 0.9910766
5309.94 0.9909301
5309.96 0.9908766
5309.98 0.9909008
5310.0 0.9909847
5310.02 0.991108
5310.04 0.9912501
5310.06 0.9913919
5310.08 0.9915188
5310.1 0.9916238
5310.12 0.9917108
5310.14 0.9917954
5310.16 0.9919052
5310.18 0.9920764
5310.2 0.9923481
5310.22 0.9927535
5310.24 0.9933105
5310.26 0.9940118
5310.28 0.9948171
5310.3 0.9956491
5310.32 0.9963951
5310.34 0.9969144
5310.36 0.9970519
5310.38 0.9966566
5310.4 0.9956023
5310.42 0.9938083
5310.44 0.9912564
5310.46 0.9880011
5310.48 0.9841708
5310.5 0.9799596
5310.52 0.9756089
5310.54 0.9713814
5310.56 0.9675316
5310.58 0.9642751
5310.6 0.961763
5310.62 0.9600638
5310.64 0.9591573
5310.66 0.9589399
5310.68 0.9592425
5310.7 0.9598574
5310.72 0.9605707
5310.74 0.9611955
5310.76 0.9616004
5310.78 0.9617295
5310.8 0.9616104
5310.82 0.9613492
5310.84 0.9611132
5310.86 0.9611043
5310.88 0.9615261
5310.9 0.9625516
5310.92 0.964295
5310.94 0.9667918
5310.96 0.9699917
5310.98 0.9737628
5311.0 0.9779077
5311.02 0.9821894
5311.04 0.9863601
5311.06 0.990192
5311.08 0.9935033
5311.1 0.9961755
5311.12 0.9981627
5311.14 0.9994882
5311.16 1.0002338
5311.18 1.0005207
5311.2 1.000488
5311.22 1.0002712
5311.24 0.9999843
5311.26 0.9997077
5311.28 0.9994837
5311.3 0.9993186
5311.32 0.9991914
5311.34 0.9990651
5311.36 0.9988994
5311.38 0.9986624
5311.4 0.9983376
5311.42 0.9979277
5311.44 0.9974528
5311.46 0.9969454
5311.48 0.9964429
5311.5 0.9959799
5311.52 0.9955813
5311.54 0.9952586
5311.56 0.9950096
5311.58 0.9948209
5311.6 0.9946729
5311.62 0.9945463
5311.64 0.9944275
5311.66 0.9943126
5311.68 0.9942089
5311.7 0.9941329
5311.72 0.9941062
5311.74 0.9941493
5311.76 0.9942758
5311.78 0.9944877
5311.8 0.9947722
5311.82 0.9951032
5311.84 0.9954443
5311.86 0.9957556
5311.88 0.9960009
5311.9 0.9961552
5311.92 0.9962101
5311.94 0.9961762
5311.96 0.9960821
5311.98 0.9959698
5312.0 0.9958869
5312.02 0.995878
5312.04 0.9959757
5312.06 0.9961943
5312.08 0.9965261
5312.1 0.9969421
5312.12 0.9973971
5312.14 0.9978372
5312.16 0.9982094
5312.18 0.9984718
5312.2 0.998601
5312.22 0.9985966
5312.24 0.9984812
5312.26 0.9982966
5312.28 0.9980957
5312.3 0.9979326
5312.32 0.9978526
5312.34 0.9978832
5312.36 0.9980293
5312.38 0.9982719
5312.4 0.9985716
5312.42 0.9988764
5312.44 0.9991312
5312.46 0.9992887
5312.48 0.999318
5312.5 0.9992112
5312.52 0.9989847
5312.54 0.9986762
5312.56 0.9983375
5312.58 0.9980252
5312.6 0.9977891
5312.62 0.9976633
5312.64 0.9976595
5312.66 0.9977645
5312.68 0.9979427
5312.7 0.9981431
5312.72 0.9983085
5312.74 0.9983867
5312.76 0.9983394
5312.78 0.9981496
5312.8 0.9978235
5312.82 0.9973879
5312.84 0.9968838
5312.86 0.9963565
5312.88 0.995845
5312.9 0.995373
5312.92 0.9949432
5312.94 0.9945364
5312.96 0.9941162
5312.98 0.9936385
5313.0 0.993064
5313.02 0.9923707
5313.04 0.9915651
5313.06 0.9906874
5313.08 0.9898106
5313.1 0.9890317
5313.12 0.9884556
5313.14 0.9881745
5313.16 0.9882454
5313.18 0.9886695
5313.2 0.989378
5313.22 0.990227
5313.24 0.9910036
5313.26 0.9914442
5313.28 0.991262
5313.3 0.9901821
5313.32 0.9879779
5313.34 0.9845052
5313.36 0.9797269
5313.38 0.973726
5313.4 0.9667033
5313.42 0.95896
5313.44 0.9508664
5313.46 0.9428218
5313.48 0.9352104
5313.5 0.9283594
5313.52 0.9225052
5313.54 0.9177737
5313.56 0.9141751
5313.58 0.9116169
5313.6 0.90993
5313.62 0.9089063
5313.64 0.9083397
5313.66 0.9080661
5313.68 0.9079939
5313.7 0.9081225
5313.72 0.9085437
5313.74 0.9094267
5313.76 0.9109888
5313.78 0.913456
5313.8 0.9170202
5313.82 0.9217985
5313.84 0.9278025
5313.86 0.9349213
5313.88 0.9429226
5313.9 0.9514702
5313.92 0.9601572
5313.94 0.9685507
5313.96 0.976239
5313.98 0.9828787
5314.0 0.9882313
5314.02 0.9921869
5314.04 0.9947704
5314.06 0.9961314
5314.08 0.9965171
5314.1 0.9962357
5314.12 0.9956132
5314.14 0.9949512
5314.16 0.9944915
5314.18 0.9943917
5314.2 0.9947149
5314.22 0.9954337
5314.24 0.9964472
5314.26 0.9976073
5314.28 0.9987489
5314.3 0.9997205
5314.32 1.0004085
5314.34 1.000753
5314.36 1.0007535
5314.38 1.000463
5314.4 0.9999739
5314.42 0.9993979
5314.44 0.9988447
5314.46 0.998402
5314.48 0.9981219
5314.5 0.9980146
5314.52 0.9980504
5314.54 0.9981691
5314.56 0.9982949
5314.58 0.9983533
5314.6 0.9982867
5314.62 0.9980661
5314.64 0.9976966
5314.66 0.997216
5314.68 0.9966866
5314.7 0.9961823
5314.72 0.9957732
5314.74 0.9955114
5314.76 0.99542
5314.78 0.995487
5314.8 0.9956666
5314.82 0.9958864
5314.84 0.9960591
5314.86 0.9960978
5314.88 0.9959303
5314.9 0.9955114
5314.92 0.9948302
5314.94 0.9939118
5314.96 0.9928123
5314.98 0.9916099
5315.0 0.9903917
5315.02 0.9892409
5315.04 0.9882247
5315.06 0.9873862
5315.08 0.9867415
5315.1 0.9862811
5315.12 0.9859761
5315.14 0.9857871
5315.16 0.9856733
5315.18 0.9856014
5315.2 0.9855504
5315.22 0.9855133
5315.24 0.9854947
5315.26 0.9855051
5315.28 0.9855542
5315.3 0.9856433
5315.32 0.9857613
5315.34 0.9858826
5315.36 0.9859701
5315.38 0.9859812
5315.4 0.9858762
5315.42 0.9856278
5315.44 0.9852285
5315.46 0.984695
5315.48 0.9840682
5315.5 0.9834079
5315.52 0.9827837
5315.54 0.9822629
5315.56 0.9818986
5315.58 0.9817201
5315.6 0.9817276
5315.62 0.981893
5315.64 0.9821666
5315.66 0.9824893
5315.68 0.9828071
5315.7 0.983086
5315.72 0.9833225
5315.74 0.9835492
5315.76 0.9838305
5315.78 0.9842517
5315.8 0.9848991
5315.82 0.985838
5315.84 0.987089
5315.86 0.9886101
5315.88 0.9902867
5315.9 0.9919345
5315.92 0.9933146
5315.94 0.9941607
5315.96 0.9942152
5315.98 0.9932686
5316.0 0.9911958
5316.02 0.9879832
5316.04 0.9837423
5316.06 0.9787039
5316.08 0.9731948
5316.1 0.9675979
5316.12 0.9623012
5316.14 0.9576422
5316.16 0.9538562
5316.18 0.9510368
5316.2 0.9491136
5316.22 0.9478518
5316.24 0.9468749
5316.26 0.9457055
5316.28 0.9438212
5316.3 0.9407156
5316.32 0.9359564
5316.34 0.9292326
5316.36 0.9203844
5316.38 0.9094113
5316.4 0.8964599
5316.42 0.8817927
5316.44 0.865745
5316.46 0.8486778
5316.48 0.8309331
5316.5 0.8128018
5316.52 0.7945063
5316.54 0.7762021
5316.56 0.7579961
5316.58 0.7399784
5316.6 0.7222594
5316.62 0.7050073
5316.64 0.6884754
5316.66 0.6730152
5316.68 0.6590714
5316.7 0.6471576
5316.72 0.6378155
5316.74 0.6315644
5316.76 0.6288464
5316.78 0.6299758
5316.8 0.635101
5316.82 0.6441831
5316.84 0.6569944
5316.86 0.6731373
5316.88 0.6920795
5316.9 0.713201
5316.92 0.735846
5316.94 0.7593722
5316.96 0.7831917
5316.98 0.8067998
5317.0 0.829788
5317.02 0.8518437
5317.04 0.872738
5317.06 0.8923061
5317.08 0.9104261
5317.1 0.9269998
5317.12 0.9419404
5317.14 0.9551683
5317.16 0.9666152
5317.18 0.9762353
5317.2 0.9840194
5317.22 0.9900095
5317.24 0.9943082
5317.26 0.9970821
5317.28 0.9985556
5317.3 0.9989967
5317.32 0.9986957
5317.34 0.9979403
5317.36 0.9969907
5317.38 0.9960577
5317.4 0.9952893
5317.42 0.9947644
5317.44 0.9944975
5317.46 0.9944506
5317.48 0.9945514
5317.5 0.994714
5317.52 0.9948592
5317.54 0.9949293
5317.56 0.9948982
5317.58 0.9947728
5317.6 0.9945876
5317.62 0.9943943
5317.64 0.9942475
5317.66 0.9941906
5317.68 0.9942444
5317.7 0.9944
5317.72 0.9946182
5317.74 0.9948339
5317.76 0.9949662
5317.78 0.9949313
5317.8 0.9946553
5317.82 0.9940867
5317.84 0.9932033
5317.86 0.9920158
5317.88 0.9905652
5317.9 0.988916
5317.92 0.9871457
5317.94 0.9853334
5317.96 0.9835487
5317.98 0.9818439
5318.0 0.9802487
5318.02 0.9787704
5318.04 0.9773977
5318.06 0.9761075
5318.08 0.974874
5318.1 0.9736778
5318.12 0.9725131
5318.14 0.9713929
5318.16 0.9703505
5318.18 0.9694367
5318.2 0.9687148
5318.22 0.9682528
5318.24 0.9681136
5318.26 0.9683467
5318.28 0.9689797
5318.3 0.9700132
5318.32 0.9714181
5318.34 0.9731354
5318.36 0.9750806
5318.38 0.9771491
5318.4 0.9792247
5318.42 0.9811887
5318.44 0.9829301
5318.46 0.984355
5318.48 0.9853942
5318.5 0.9860099
5318.52 0.9861991
5318.54 0.9859939
5318.56 0.9854595
5318.58 0.984688
5318.6 0.9837898
5318.62 0.9828835
5318.64 0.982084
5318.66 0.9814913
5318.68 0.9811801
5318.7 0.9811927
5318.72 0.9815356
5318.74 0.9821795
5318.76 0.9830643
5318.78 0.9841082
5318.8 0.9852181
5318.82 0.9863029
5318.84 0.9872849
5318.86 0.98811
5318.88 0.9887531
5318.9 0.9892207
5318.92 0.9895468
5318.94 0.9897864
5318.96 0.9900046
5318.98 0.9902651
5319.0 0.990619
5319.02 0.9910957
5319.04 0.9916977
5319.06 0.9924004
5319.08 0.9931553
5319.1 0.9938987
5319.12 0.9945617
5319.14 0.9950818
5319.16 0.9954136
5319.18 0.995536
5319.2 0.9954564
5319.22 0.9952101
5319.24 0.9948553
5319.26 0.9944647
5319.28 0.9941152
5319.3 0.9938774
5319.32 0.9938062
5319.34 0.993934
5319.36 0.9942676
5319.38 0.9947894
5319.4 0.9954608
5319.42 0.9962293
5319.44 0.9970359
5319.46 0.9978231
5319.48 0.9985412
5319.5 0.9991523
5319.52 0.9996321
5319.54 0.9999693
5319.56 1.0001627
5319.58 1.0002184
5319.6 1.0001456
5319.62 0.9999542
5319.64 0.9996534
5319.66 0.9992516
5319.68 0.9987575
5319.7 0.9981825
5319.72 0.9975425
5319.74 0.996859
5319.76 0.9961597
5319.78 0.9954765
5319.8 0.9948431
5319.82 0.9942907
5319.84 0.9938444
5319.86 0.9935192
5319.88 0.9933177
5319.9 0.9932298
5319.92 0.9932339
5319.94 0.9933005
5319.96 0.9933962
5319.98 0.9934894
5320.0 0.9935547
5320.02 0.9935761
5320.04 0.9935492
5320.06 0.9934808
5320.08 0.9933861
5320.1 0.9932856
5320.12 0.9932003
5320.14 0.993148
5320.16 0.9931394
5320.18 0.9931772
5320.2 0.9932552
5320.22 0.9933611
5320.24 0.9934786
5320.26 0.9935914
5320.28 0.9936862
5320.3 0.9937552
5320.32 0.9937971
5320.34 0.9938165
5320.36 0.9938219
5320.38 0.9938232
5320.4 0.9938282
5320.42 0.9938406
5320.44 0.9938582
5320.46 0.9938729
5320.48 0.9938725
5320.5 0.993843
5320.52 0.9937726
5320.54 0.9936543
5320.56 0.9934886
5320.58 0.9932848
5320.6 0.99306
5320.62 0.9928365
5320.64 0.9926388
5320.66 0.9924885
5320.68 0.9924007
5320.7 0.9923805
5320.72 0.992422
5320.74 0.9925085
5320.76 0.9926154
5320.78 0.9927143
5320.8 0.9927777
5320.82 0.9927847
5320.84 0.9927242
5320.86 0.9925978
5320.88 0.9924195
5320.9 0.9922142
5320.92 0.9920133
5320.94 0.9918504
5320.96 0.991755
5320.98 0.9917491
5321.0 0.991843
5321.02 0.9920344
5321.04 0.9923095
5321.06 0.992645
5321.08 0.9930127
5321.1 0.9933835
5321.12 0.993732
5321.14 0.9940396
5321.16 0.9942966
5321.18 0.9945022
5321.2 0.9946638
5321.22 0.9947946
5321.24 0.994911
5321.26 0.9950296
5321.28 0.9951657
5321.3 0.9953313
5321.32 0.9955353
5321.34 0.995783
5321.36 0.9960772
5321.38 0.9964182
5321.4 0.9968043
5321.42 0.9972307
5321.44 0.9976889
5321.46 0.9981656
5321.48 0.998641
5321.5 0.9990892
5321.52 0.9994787
5321.54 0.9997746
5321.56 0.9999419
5321.58 0.9999504
5321.6 0.9997789
5321.62 0.9994197
5321.64 0.998881
5321.66 0.9981877
5321.68 0.997379
5321.7 0.9965048
5321.72 0.9956188
5321.74 0.994771
5321.76 0.9940014
5321.78 0.9933333
5321.8 0.992771
5321.82 0.9922988
5321.84 0.9918851
5321.86 0.991488
5321.88 0.9910635
5321.9 0.9905742
5321.92 0.9899963
5321.94 0.9893255
5321.96 0.9885783
5321.98 0.9877902
5322.0 0.9870103
5322.02 0.9862934
5322.04 0.9856906
5322.06 0.9852409
5322.08 0.9849644
5322.1 0.984859
5322.12 0.9849012
5322.14 0.9850507
5322.16 0.985258
5322.18 0.9854736
5322.2 0.9856576
5322.22 0.9857877
5322.24 0.985863
5322.26 0.9859051
5322.28 0.9859544
5322.3 0.9860631
5322.32 0.9862856
5322.34 0.9866688
5322.36 0.9872436
5322.38 0.9880188
5322.4 0.9889792
5322.42 0.9900876
5322.44 0.9912906
5322.46 0.9925268
5322.48 0.9937358
5322.5 0.9948674
5322.52 0.9958871
5322.54 0.9967793
5322.56 0.9975465
5322.58 0.998205
5322.6 0.9987786
5322.62 0.9992906
5322.64 0.9997577
5322.66 1.0001851
5322.68 1.0005647
5322.7 1.0008776
5322.72 1.0010987
5322.74 1.0012035
5322.76 1.0011752
5322.78 1.001011
5322.8 1.0007255
5322.82 1.0003502
5322.84 0.9999302
5322.86 0.999517
5322.88 0.99916
5322.9 0.9988972
5322.92 0.9987481
5322.94 0.9987099
5322.96 0.9987568
5322.98 0.998845
5323.0 0.9989207
5323.02 0.9989301
5323.04 0.9988309
5323.06 0.9986009
5323.08 0.9982438
5323.1 0.9977904
5323.12 0.9972945
5323.14 0.9968246
5323.16 0.9964521
5323.18 0.9962394
5323.2 0.9962284
5323.22 0.9964328
5323.24 0.9968352
5323.26 0.9973896
5323.28 0.9980286
5323.3 0.9986749
5323.32 0.9992535
5323.34 0.9997044
5323.36 0.9999907
5323.38 1.0001043
5323.4 1.0000637
5323.42 0.9999092
5323.44 0.9996923
5323.46 0.9994646
5323.48 0.9992663
5323.5 0.9991188
5323.52 0.9990204
5323.54 0.998949
5323.56 0.9988685
5323.58 0.99874
5323.6 0.9985337
5323.62 0.9982401
5323.64 0.9978773
5323.66 0.9974918
5323.68 0.9971533
5323.7 0.9969428
5323.72 0.996935
5323.74 0.9971794
5323.76 0.9976823
5323.78 0.9983929
5323.8 0.9991981
5323.82 0.9999257
5323.84 1.0003577
5323.86 1.0002529
5323.88 0.999375
5323.9 0.9975227
5323.92 0.9945579
5323.94 0.9904277
5323.96 0.9851763
5323.98 0.9789452
5324.0 0.9719612
5324.02 0.9645145
5324.04 0.956928
5324.06 0.9495241
5324.08 0.9425925
5324.1 0.9363639
5324.12 0.9309916
5324.14 0.9265462
5324.16 0.9230202
5324.18 0.9203439
5324.2 0.9184084
5324.22 0.9170921
5324.24 0.9162869
5324.26 0.9159194
5324.28 0.9159653
5324.3 0.9164528
5324.32 0.917457
5324.34 0.9190852
5324.36 0.9214555
5324.38 0.9246723
5324.4 0.9288026
5324.42 0.9338559
5324.44 0.9397711
5324.46 0.9464126
5324.48 0.9535751
5324.5 0.9609981
5324.52 0.9683867
5324.54 0.9754371
5324.56 0.9818646
5324.58 0.9874282
5324.6 0.9919526
5324.62 0.9953419
5324.64 0.9975864
5324.66 0.9987596
5324.68 0.9990083
5324.7 0.9985343
5324.72 0.9975721
5324.74 0.9963644
5324.76 0.995137
5324.78 0.9940771
5324.8 0.9933167
5324.82 0.992923
5324.84 0.9928965
5324.86 0.9931773
5324.88 0.9936586
5324.9 0.9942057
5324.92 0.9946781
5324.94 0.994952
5324.96 0.9949401
5324.98 0.9946059
5325.0 0.9939704
5325.02 0.9931101
5325.04 0.9921463
5325.06 0.9912261
5325.08 0.9904984
5325.1 0.9900881
5325.12 0.9900708
5325.14 0.9904536
5325.16 0.9911641
5325.18 0.9920499
5325.2 0.9928897
5325.22 0.9934143
5325.24 0.9933369
5325.26 0.9923872
5325.28 0.9903458
5325.3 0.9870742
5325.32 0.982536
5325.34 0.9768061
5325.36 0.9700669
5325.38 0.962591
5325.4 0.9547131
5325.42 0.9467944
5325.44 0.9391846
5325.46 0.932186
5325.48 0.9260255
5325.5 0.920837
5325.52 0.9166572
5325.54 0.9134352
5325.56 0.9110528
5325.58 0.9093544
5325.6 0.90818
5325.62 0.9073968
5325.64 0.9069253
5325.66 0.9067548
5325.68 0.9069474
5325.7 0.9076286
5325.72 0.9089663
5325.74 0.9111421
5325.76 0.9143182
5325.78 0.9186051
5325.8 0.9240353
5325.82 0.9305459
5325.84 0.9379745
5325.86 0.9460673
5325.88 0.9544998
5325.9 0.9629068
5325.92 0.9709184
5325.94 0.9781968
5325.96 0.9844693
5325.98 0.9895538
5326.0 0.9933734
5326.02 0.9959581
5326.04 0.997435
5326.06 0.9980073
5326.08 0.9979264
5326.1 0.997459
5326.12 0.9968568
5326.14 0.9963285
5326.16 0.996021
5326.18 0.9960097
5326.2 0.9962986
5326.22 0.996831
5326.24 0.9975063
5326.26 0.9982024
5326.28 0.9987981
5326.3 0.9991939
5326.32 0.9993274
5326.34 0.9991813
5326.36 0.9987842
5326.38 0.998203
5326.4 0.9975303
5326.42 0.9968677
5326.44 0.9963089
5326.46 0.9959247
5326.48 0.9957526
5326.5 0.9957927
5326.52 0.9960098
5326.54 0.9963418
5326.56 0.9967124
5326.58 0.9970454
5326.6 0.9972793
5326.62 0.9973777
5326.64 0.9973355
5326.66 0.9971789
5326.68 0.9969592
5326.7 0.9967418
5326.72 0.9965927
5326.74 0.9965648
5326.76 0.9966857
5326.78 0.9969517
5326.8 0.997326
5326.82 0.9977455
5326.84 0.998131
5326.86 0.9984026
5326.88 0.9984955
5326.9 0.9983738
5326.92 0.9980403
5326.94 0.9975384
5326.96 0.9969479
5326.98 0.9963732
5327.0 0.9959259
5327.02 0.9957063
5327.04 0.9957842
5327.06 0.9961857
5327.08 0.9968856
5327.1 0.9978092
5327.12 0.9988426
5327.14 0.9998497
5327.16 1.0006942
5327.18 1.0012618
5327.2 1.0014794
5327.22 1.0013278
5327.24 1.0008452
5327.26 1.0001211
5327.28 0.9992809
5327.3 0.9984645
5327.32 0.9978024
5327.34 0.9973929
5327.36 0.9972856
5327.38 0.9974737
5327.4 0.9978964
5327.42 0.9984521
5327.44 0.9990188
5327.46 0.999479
5327.48 0.999744
5327.5 0.9997723
5327.52 0.9995801
5327.54 0.9992383
5327.56 0.9988595
5327.58 0.9985734
5327.6 0.9984977
5327.62 0.9987064
5327.64 0.9992047
5327.66 0.9999125
5327.68 1.0006624
5327.7 1.0012122
5327.72 1.0012717
5327.74 1.0005401
5327.76 0.9987483
5327.78 0.9956995
5327.8 0.991302
5327.82 0.9855888
5327.84 0.9787194
5327.86 0.9709652
5327.88 0.9626784
5327.9 0.9542507
5327.92 0.9460664
5327.94 0.9384587
5327.96 0.9316749
5327.98 0.9258554
5328.0 0.9210299
5328.02 0.9171303
5328.04 0.9140176
5328.06 0.911518
5328.08 0.9094616
5328.1 0.9077171
5328.12 0.9062166
5328.14 0.9049673
5328.16 0.9040471
5328.18 0.9035876
5328.2 0.9037458
5328.22 0.9046712
5328.24 0.9064738
5328.26 0.9091989
5328.28 0.9128131
5328.3 0.9172035
5328.32 0.9221903
5328.34 0.9275507
5328.36 0.9330491
5328.38 0.9384687
5328.4 0.9436395
5328.42 0.948457
5328.44 0.9528901
5328.46 0.9569757
5328.48 0.9608033
5328.5 0.9644907
5328.52 0.9681568
5328.54 0.9718954
5328.56 0.975755
5328.58 0.9797271
